2 0.7067862985685072 0.3867712842712843 0.4113680981595092 0.19922222222222224
2 0.6924498977505112 0.6256810966810966 0.39372188139059305 0.20700432900432902
2 0.6941349693251534 0.8690772005772005 0.39372188139059305 0.18988311688311688
0 0.6099427402862986 0.3133506493506493 0.18873619631901842 0.04179220779220779
0 0.6091523517382413 0.5599227994227994 0.17767893660531697 0.04011976911976912
0 0.6256083844580778 0.8007871572871572 0.2534907975460123 0.05293650793650794
1 0.6960184049079755 0.35876406926406923 0.3593087934560327 0.025632034632034634
1 0.6932546012269939 0.3852337662337662 0.3648364008179959 0.027304473304473307
1 0.6979928425357873 0.41170057720057723 0.3743128834355828 0.025632034632034634
1 0.6987832310838445 0.43789177489177483 0.3727321063394683 0.02674747474747475
1 0.6975991820040899 0.4640800865800866 0.3703640081799591 0.025632034632034634
1 0.6940439672801637 0.5961435786435786 0.3679938650306749 0.02451803751803752
1 0.6936492842535787 0.6214971139971139 0.3687832310838446 0.02618903318903319
1 0.6948343558282208 0.6490793650793651 0.37115337423312883 0.028975468975468974
1 0.6920705521472393 0.6761046176046175 0.37668098159509206 0.025075036075036073
1 0.6916758691206545 0.7039660894660895 0.3758916155419223 0.03064790764790765
1 0.6961973415132924 0.8426075036075036 0.3723292433537832 0.03131890331890332
1 0.6945521472392637 0.8713160173160173 0.37561554192229035 0.026098124098124096
1 0.6945521472392637 0.8962546897546898 0.37561554192229035 0.02377922077922078
1 0.6957862985685072 0.9217720057720058 0.3731513292433538 0.02725829725829726
1 0.6933200408997955 0.9487417027417029 0.3682188139059305 0.026678210678210676