1 0.6334696485623004 0.33008633093525186 0.21338977635782747 0.0584652278177458
1 0.6354992012779552 0.40803836930455634 0.21095686900958466 0.0584652278177458
1 0.6387444089456868 0.4847745803357314 0.21582428115015972 0.056028776978417266
1 0.6350926517571884 0.5615107913669065 0.21338977635782747 0.06090167865707434
1 0.6350926517571884 0.6425083932853717 0.21014376996805115 0.05724700239808153
1 0.6346876996805111 0.7174172661870504 0.20771086261980828 0.056028776978417266
1 0.8703897763578275 0.2107170263788969 0.2117667731629393 0.05359232613908873
1 0.8712012779552715 0.2886714628297362 0.21663578274760384 0.0584652278177458
1 0.8716078274760383 0.3660167865707434 0.2060878594249201 0.06211990407673861
1 0.8707955271565494 0.44092685851318947 0.21420127795527158 0.04872182254196643
1 0.8724177316293931 0.5158345323741007 0.2060878594249201 0.06455635491606715
1 0.8679552715654952 0.6467721822541965 0.2117667731629393 0.06090167865707434
1 0.8707955271565494 0.720462829736211 0.22069329073482427 0.06455635491606715
1 0.8707955271565494 0.8020707434052758 0.21420127795527158 0.06942685851318944
1 0.8712012779552717 0.8781966426858513 0.218258785942492 0.0584652278177458
0 0.8103482428115015 0.5913513189448442 0.09330670926517572 0.04994004796163069
0 0.8306333865814697 0.15042685851318946 0.13063099041533546 0.059683453237410075
0 0.602638178913738 0.2710107913669065 0.14685782747603834 0.04994004796163069
2 0.632658945686901 0.5 0.22474920127795528 0.529841726618705
2 0.8752579872204472 0.3355671462829736 0.22799520766773163 0.43240047961630695
2 0.8776916932907349 0.7423860911270984 0.23123961661341852 0.3520095923261391