2 0.27666180371352783 0.3274221875 0.4833890362511052 0.160034375
2 0.2882877984084881 0.49524187499999994 0.48950751547303273 0.17041499999999998
2 0.2815570291777188 0.6660900000000001 0.5029690539345711 0.17128
2 0.27910919540229884 0.8486159375 0.4858364279398762 0.195501875
1 0.28044562334217504 0.3115596875 0.4607869142351901 0.024715625
1 0.27950928381962864 0.3351725 0.46265959328028294 0.02250875
1 0.2791971706454465 0.35724000000000006 0.46203536693191866 0.02162625
1 0.2798213969938108 0.37930749999999996 0.4607869142351901 0.02250875
1 0.2795088417329797 0.48324625 0.45266931918656056 0.0220675
1 0.27888505747126435 0.5064171875 0.45391865605658704 0.024274375
1 0.28044606542882405 0.529588125 0.45704067197170645 0.0220675
1 0.27982183908045977 0.551215 0.45704067197170645 0.0203025
1 0.28267816091954023 0.6560796875 0.46243854995579137 0.022518125000000003
1 0.28188152077807255 0.6800990625 0.46403183023872685 0.025520624999999998
1 0.2816153846153846 0.70205375 0.46243854995579137 0.01839
1 0.28081918656056587 0.7258853125 0.4629699381078692 0.027021875
1 0.2796940760389036 0.828985625 0.45189566755084 0.027665000000000002
1 0.2792396109637489 0.85343375 0.4528063660477454 0.02123125
1 0.2783289124668435 0.8856021874999999 0.4491653404067197 0.041175625
1 0.28345402298850575 0.9189453125 0.46049955791335107 0.026806874999999997