2 0.23711661341853035 0.6504520383693045 0.23342811501597444 0.3308561151079137
2 0.49868450479233234 0.545058752997602 0.1913626198083067 0.3797721822541967
2 0.7664752396166133 0.5041462829736211 0.241129392971246 0.41890647482014387
0 0.2035702875399361 0.5180107913669065 0.14338658146964858 0.05974340527577938
0 0.501170127795527 0.39237410071942447 0.1357779552715655 0.05798561151079137
0 0.8008194888178913 0.33175179856115106 0.16855271565495206 0.05974340527577938
1 0.24044009584664539 0.590931654676259 0.21829872204472844 0.06501438848920864
1 0.24044009584664539 0.6541918465227817 0.21829872204472844 0.06150119904076739
1 0.23927076677316295 0.7143729016786571 0.22064057507987223 0.05886570743405276
1 0.23780670926517575 0.7767529976019183 0.21654313099041536 0.06589448441247003
1 0.5008777955271566 0.5131786570743406 0.17967252396166133 0.05886570743405276
1 0.5002923322683706 0.5720443645083934 0.18201277955271566 0.05886570743405276
1 0.4997076677316294 0.6322254196642685 0.18084345047923323 0.06150119904076739
1 0.4991214057507987 0.6941654676258993 0.18201277955271566 0.062378896882494005
1 0.7624864217252395 0.41345923261390893 0.2241517571884984 0.07028537170263789
1 0.7621924920127796 0.47891247002398085 0.2247364217252396 0.060621103117505994
1 0.7648266773162941 0.5421726618705036 0.23000479233226837 0.06589448441247003
1 0.7651198083067092 0.6054304556354916 0.22941853035143772 0.060621103117505994
1 0.7645343450479233 0.6686882494004796 0.22824760383386583 0.06589448441247003