2 0.7376991150442478 0.17126099706744866 0.492685208596713 0.265663734115347
2 0.7252743362831858 0.7297414467253177 0.4851226295828066 0.3583958944281525
2 0.24825474083438684 0.4586461388074291 0.46675474083438684 0.18379276637341155
1 0.2504165613147914 0.44110263929618765 0.4559506953223767 0.02673313782991202
1 0.24933501896333754 0.4674183773216032 0.4581112515802781 0.025898338220918866
1 0.2498754740834387 0.4916456500488759 0.4591921618204804 0.02255620723362659
1 0.2498754740834387 0.5125312805474095 0.4591921618204804 0.019215053763440862
1 0.2504152970922882 0.5342526881720431 0.4602718078381795 0.024227761485826
1 0.7254007585335018 0.11440713587487782 0.45479898862199747 0.023731182795698927
1 0.7259595448798989 0.1379227761485826 0.45368394437420984 0.023300097751710654
1 0.7262383059418458 0.16186999022482895 0.45424146649810365 0.024594330400782013
1 0.7256801517067003 0.1825811339198436 0.4553577749683944 0.01682795698924731
1 0.7256801517067003 0.2043709677419355 0.4553577749683944 0.02675171065493646
1 0.7256801517067003 0.2268088954056696 0.4553577749683944 0.018122189638318673
1 0.7256801517067003 0.2488142717497556 0.4553577749683944 0.025888563049853375
1 0.727353982300885 0.2706041055718475 0.45312515802781295 0.0176911045943304
1 0.7253369152970922 0.6310244379276637 0.45679266750948166 0.021081133919843596
1 0.7260543615676359 0.6535850439882699 0.4553577749683944 0.024040078201368525
1 0.724858407079646 0.6778088954056696 0.4529658659924147 0.024409579667644184
1 0.7236624525916561 0.6987047898338221 0.4553577749683944 0.0173822091886608
1 0.7248577749683944 0.7207106549364614 0.4577484197218711 0.025888563049853375
1 0.7246201011378002 0.744010752688172 0.45631479140328696 0.023669599217986313
1 0.7239013906447535 0.7654618768328446 0.4558356510745891 0.01997165200391007
1 0.7255764854614413 0.7887614858260019 0.4582275600505689 0.025888563049853375
1 0.7248590391908976 0.8083636363636364 0.45679266750948166 0.0192316715542522
1 0.7260537294563842 0.8338817204301074 0.45440075853350187 0.025888563049853375
1 0.7248584070796461 0.8536695992179864 0.4500960809102402 0.03143695014662756
1 0.7236624525916562 0.8795581622678397 0.44483438685208593 0.032175953079178886
0 0.2303590391908976 0.38797556207233624 0.42570164348925416 0.03451808406647116
0 0.5898938053097345 0.5750547409579668 0.1977041719342604 0.033902248289345065
0 0.7121042983565107 0.05762805474095797 0.431078381795196 0.028131964809384163