1 0.45510377358490567 0.10796797153024912 0.8081396226415094 0.026558718861209963
1 0.4542874213836478 0.13279448398576515 0.8065069182389937 0.02309430604982206
1 0.45347106918238994 0.15762099644128114 0.804874213836478 0.0242491103202847
1 0.4526547169811321 0.1824479537366548 0.8065069182389937 0.0207855871886121
1 0.4518383647798742 0.20496530249110317 0.804874213836478 0.0242491103202847
1 0.4542874213836478 0.22921485765124555 0.8097723270440251 0.01963078291814947
1 0.4526547169811321 0.2528870106761566 0.8097723270440251 0.02540391459074733
1 0.45347106918238994 0.2782909252669039 0.8114050314465409 0.02309430604982206
1 0.45347106918238994 0.3752887010676156 0.804874213836478 0.0207855871886121
1 0.4542874213836478 0.39838345195729535 0.8065069182389937 0.02309430604982206
1 0.4502056603773585 0.42205516014234873 0.8114050314465409 0.026558718861209963
1 0.4542874213836478 0.525404359430605 0.8032415094339622 0.0207855871886121
1 0.45347106918238994 0.5484991103202848 0.804874213836478 0.02309430604982206
1 0.4518383647798742 0.5750582740213523 0.804874213836478 0.0207855871886121
1 0.45347106918238994 0.6795609430604982 0.8081396226415094 0.01963078291814947
1 0.4542874213836478 0.7009234875444841 0.8130377358490566 0.02309430604982206
1 0.45347106918238994 0.7263274021352314 0.804874213836478 0.02309430604982206
1 0.4542874213836478 0.8285213523131673 0.8032415094339622 0.0242491103202847
1 0.4542874213836478 0.8527713523131673 0.8065069182389937 0.02193950177935943
1 0.4526547169811321 0.8856814946619217 0.8065069182389937 0.053117437722419926
1 0.45347106918238994 0.9237873665480427 0.8016088050314465 0.02309430604982206
0 0.38490188679245285 0.32332562277580074 0.3379496855345912 0.02309430604982206
0 0.37592201257861635 0.47575000000000006 0.3689685534591195 0.02540391459074733
0 0.38000377358490567 0.6258665480427047 0.33468427672955975 0.030023131672597868
0 0.3816364779874214 0.7771361209964414 0.4065182389937107 0.030023131672597868
0 0.36939182389937103 0.05831405693950178 0.4669245283018868 0.02886832740213523
2 0.4542874213836478 0.16512722419928827 0.8195685534591195 0.263279359430605
2 0.44938867924528303 0.38625889679715303 0.8260981132075472 0.14434163701067618
2 0.4518377358490566 0.5259813167259786 0.827730817610063 0.13972241992882561
2 0.45102138364779876 0.6784065836298933 0.8293635220125787 0.15127046263345195
2 0.45102138364779876 0.8510387010676157 0.8293635220125787 0.1847571174377224