2 0.44854843750000006 0.3935981794538362 0.1673453125 0.29238751625487647
2 0.448808984375 0.6846892067620286 0.16162890624999998 0.27249154746423926
2 0.244823828125 0.6933394018205462 0.17773984375000002 0.2638413524057217
0 0.21597968750000002 0.588668400520156 0.08159374999999999 0.05622886866059818
0 0.43269804687499996 0.5795845253576073 0.09718515625 0.05709362808842653
0 0.433477734375 0.28287256176853054 0.10809921874999999 0.06055396618985696
1 0.45081367187500004 0.3633120936280884 0.14928359375 0.06311313394018206
1 0.4514765625 0.43106111833550065 0.1479578125 0.07238231469440833
1 0.45160898437499997 0.49947139141742525 0.14822265625 0.06443823146944083
1 0.45287539062499993 0.6487282184655396 0.14749453125 0.06656176853055917
1 0.45239609375 0.7163172951885565 0.14845312500000002 0.06861378413524058
1 0.451254296875 0.7824232769830949 0.14607890625 0.06344733420026008
1 0.254621875 0.6494557867360208 0.1488125 0.06479713914174252
1 0.254483984375 0.7147119635890767 0.14908828125 0.06571521456436931
1 0.2542078125 0.7788192457737321 0.1485359375 0.06249934980494148