2 0.21875374999999997 0.25398818181818184 0.3525 0.1966872727272727
2 0.26982875 0.4576781818181818 0.45130000000000003 0.19607818181818182
2 0.283224375 0.617525 0.47474375 0.1211790909090909
2 0.257926875 0.7369645454545455 0.42861375 0.11816363636363636
2 0.26646375 0.8797145454545455 0.445595 0.1704
2 0.745961875 0.8218140909090909 0.43106375 0.1708409090909091
2 0.7556043750000001 0.26846272727272724 0.45282125 0.14291454545454543
2 0.7415075 0.41199772727272727 0.412665 0.11930272727272728
2 0.7453518750000001 0.6049327272727273 0.42889875000000005 0.24295454545454545
0 0.126781875 0.16935409090909093 0.15037124999999998 0.026719090909090908
0 0.13233499999999998 0.3728513636363637 0.16489499999999999 0.021126363636363638
0 0.096450625 0.5738636363636364 0.09825374999999999 0.02796181818181818
0 0.11097562499999998 0.6947195454545455 0.11534124999999999 0.031068181818181814
0 0.125073125 0.81775 0.15378875 0.029825454545454544
0 0.618904375 0.2134718181818182 0.17771125000000002 0.030447272727272726
0 0.6167675 0.3650845454545455 0.15805999999999998 0.025476363636363637
0 0.615059375 0.49743590909090907 0.15976875 0.024233636363636363
0 0.583874375 0.7580990909090909 0.09739874999999999 0.029825454545454544
1 0.21948125000000002 0.18986 0.330645 0.02299090909090909
1 0.21777250000000004 0.21191772727272726 0.3340625 0.021126363636363638
1 0.21819937500000003 0.23211227272727275 0.33491624999999997 0.01926272727272727
1 0.219481875 0.251375 0.33235375 0.01926272727272727
1 0.21520937499999998 0.27158772727272723 0.32736624999999997 0.023142727272727273
1 0.21259375 0.29330409090909093 0.3325975 0.02029
1 0.21738875 0.31375227272727274 0.3421875 0.020606363636363638
1 0.21738875 0.33515136363636366 0.3421875 0.022191818181818184
1 0.267300625 0.3938004545454546 0.43154875 0.022191818181818184
1 0.266646875 0.4148827272727273 0.43285625000000005 0.01997272727272727
1 0.26163375 0.43580636363636366 0.42283000000000004 0.021874545454545456
1 0.261851875 0.45609590909090914 0.42065125000000003 0.018704545454545453
1 0.2441975 0.47495909090909094 0.3853425 0.01902181818181818
1 0.26686499999999996 0.4954068181818182 0.43241999999999997 0.020606363636363638
1 0.256403125 0.5144281818181818 0.41149625 0.017436363636363635
1 0.25574875 0.5342422727272728 0.41280500000000003 0.022191818181818184
1 0.24485125 0.5963795454545454 0.3779325 0.02029
1 0.244415625 0.61651 0.37880375 0.01997272727272727
1 0.24027437499999998 0.6360072727272726 0.37052124999999997 0.01902181818181818
1 0.23962062500000003 0.6561377272727272 0.37182875000000004 0.021240909090909088
1 0.24201875 0.7171645454545454 0.3731375 0.022825454545454545
1 0.24070999999999998 0.7384059090909092 0.3757525 0.019655454545454545
1 0.24245375 0.7585368181818182 0.37924 0.020606363636363638
1 0.24071 0.7796186363636364 0.3827275 0.021557272727272727
1 0.24572249999999995 0.8387436363636364 0.38316249999999996 0.019338181818181817
1 0.244415625 0.8591913636363636 0.38577875 0.021557272727272727
1 0.24136375000000002 0.8782127272727273 0.379675 0.016485454545454546
1 0.26664750000000004 0.89771 0.431985 0.023776363636363637
1 0.24703125 0.9189504545454545 0.3927525 0.018704545454545453
1 0.24681312499999997 0.9405081818181817 0.39318875 0.02441090909090909
1 0.752781875 0.2378331818181818 0.42950625000000003 0.021395454545454544
1 0.7502074999999999 0.2602981818181819 0.434655 0.023534545454545457
1 0.747633125 0.28249545454545455 0.42950625000000003 0.02086
1 0.7483687499999999 0.3036231818181818 0.428035 0.021395454545454544
1 0.753516875 0.32582 0.43833125 0.023
1 0.7340274999999999 0.38866863636363636 0.386115 0.024604545454545455
1 0.73366 0.4122022727272727 0.38685 0.022464545454545452
1 0.73366 0.43386545454545455 0.38685 0.02086
1 0.73366 0.4555277272727273 0.38685 0.022464545454545452
1 0.7377056249999999 0.5197131818181819 0.40523625 0.024604545454545455
1 0.73917625 0.5419109090909091 0.402295 0.01979090909090909
1 0.7424856249999999 0.5638399999999999 0.40891374999999996 0.024069090909090908
1 0.7424856249999999 0.5871077272727272 0.40891374999999996 0.022464545454545452
1 0.742853125 0.6090377272727273 0.40964875 0.021395454545454544
1 0.7421175 0.629630909090909 0.41112000000000004 0.01979090909090909
1 0.7388081249999999 0.6507577272727272 0.40450125 0.022464545454545452
1 0.744324375 0.6721531818181818 0.41700375 0.024604545454545455
1 0.7443243749999999 0.6946177272727273 0.41847375 0.021395454545454544
1 0.744691875 0.7154781818181818 0.41773875 0.020325454545454546
1 0.7421175 0.7807327272727272 0.403765 0.023534545454545457
1 0.741381875 0.803465 0.40523625 0.02193
1 0.7406462500000001 0.8245927272727273 0.403765 0.020325454545454546
1 0.741015 0.8457204545454545 0.40303 0.02193
1 0.7421181250000001 0.8673831818181819 0.40523625 0.021395454545454544
1 0.7424856249999999 0.8893131818181819 0.40450125 0.022464545454545452