2 0.1755565 0.37548589743589744 0.291969 0.2902717948717949
2 0.1785915 0.6933852564102564 0.290755 0.2879371794871795
2 0.819891 0.37820961538461545 0.29621800000000004 0.29260641025641027
2 0.8192839999999999 0.6941634615384615 0.286506 0.297275641025641
0 0.177984 0.2735403846153846 0.22398400000000002 0.05369615384615385
0 0.1746455 0.5832685897435897 0.229447 0.05369615384615385
0 0.81291 0.27276217948717946 0.232482 0.05680897435897436
0 0.8217115 0.5821012820512821 0.213665 0.05603076923076923
1 0.1773775 0.3315179487179487 0.279829 0.03891025641025641
1 0.17646699999999998 0.387548717948718 0.27922199999999997 0.0357974358974359
1 0.17586 0.44319038461538457 0.278008 0.03657564102564102
1 0.1749495 0.49649743589743595 0.278615 0.03891025641025641
1 0.179502 0.6420230769230769 0.284078 0.03891025641025641
1 0.1785915 0.694551923076923 0.285899 0.041244871794871796
1 0.1779845 0.7533076923076923 0.287113 0.0357974358974359
1 0.1779845 0.8089493589743589 0.282257 0.03657564102564102
1 0.8186769999999999 0.3334634615384615 0.27558 0.03813205128205128
1 0.818677 0.3891051282051282 0.274366 0.03268461538461538
1 0.821105 0.44280128205128205 0.27558 0.0357974358974359
1 0.8204980000000001 0.49649743589743595 0.273152 0.03891025641025641
1 0.8204975 0.6420230769230769 0.228233 0.03891025641025641
1 0.8183729999999999 0.696497435897436 0.232482 0.0357974358974359
1 0.8183729999999999 0.7525294871794871 0.232482 0.043579487179487175
1 0.8232289999999999 0.805447435897436 0.233696 0.03112820512820513