1 0.5266605947955391 0.17844101562499998 0.7673657992565056 0.0499390625
1 0.5220237918215614 0.226553125 0.7534557620817844 0.05115703125
1 0.5278197026022305 0.274055859375 0.7696840148698884 0.05115703125
1 0.5243423791821562 0.32277734375 0.7627293680297399 0.04628515625
1 0.5301382899628252 0.3812423828125 0.7511375464684015 0.073081640625
1 0.5289791821561338 0.4543240234375 0.7488193308550186 0.073081640625
1 0.5312973977695168 0.5158341796875 0.7441828996282528 0.045066796874999995
1 0.5289791821561338 0.5742996093749999 0.7488193308550186 0.06942734375000001
1 0.5336156133828996 0.6571251953125 0.7534557620817844 0.09378789062500001
1 0.5324565055762082 0.7417783203124999 0.7557739776951673 0.075517578125
1 0.5301382899628252 0.8142507812499999 0.7511375464684015 0.06699140625
1 0.5324565055762082 0.8745429687500001 0.7511375464684015 0.053592968750000004
0 0.2959869888475836 0.12728378906249999 0.30138215613382896 0.042630859375
2 0.5266605947955391 0.5079173828125001 0.7951858736059481 0.823386328125