2 0.17553632812500003 0.7252579408543264 0.28335859375 0.47845235487404164
2 0.4980203125 0.6354879518072288 0.294734375 0.612564074479737
2 0.835412890625 0.4929184008762322 0.31455546874999996 0.4482464403066813
0 0.1371015625 0.5218411829134721 0.20910625 0.06959255202628696
0 0.8394988281250001 0.3084227820372399 0.31748515624999996 0.08119167579408543
1 0.1794890625 0.6035416210295729 0.24820156249999997 0.07133077765607886
1 0.17975820312500002 0.6729846659364731 0.24766328125 0.06831106243154436
1 0.181642578125 0.7460131434830231 0.25143203125 0.07774589266155531
1 0.18177734375000001 0.8190416210295728 0.2511625 0.06831106243154436
0 0.4973484375 0.3997141292442497 0.27485312500000003 0.15174808324205913
1 0.50238984375 0.521882256297919 0.22951875 0.0665750273822563
1 0.5026535156249999 0.5854983570646222 0.22899140624999997 0.06065717415115006
1 0.5015984375 0.6487447973713034 0.22688125 0.06583570646221248
1 0.502126171875 0.7201270536692224 0.22582578125000002 0.07693099671412924
1 0.8219394531249999 0.4017004381161008 0.27732265625 0.08033406352683461
1 0.822730078125 0.4769304490690033 0.27447265625 0.07012595837897043
1 0.822572265625 0.5503849945235487 0.27478984375 0.07678313253012048
1 0.821938671875 0.6211763417305586 0.27288984374999997 0.06479956188389924
1 0.8205144531249999 0.6857541073384447 0.26814140625 0.06524315443592552