0 0.8492705761316872 0.036375 0.20623662551440328 0.047344285714285714
0 0.717048353909465 0.4919164285714286 0.4607057613168724 0.04157
0 0.8384598765432099 0.6974592857142858 0.19791975308641974 0.04157
1 0.5615380658436214 0.16166357142857143 0.6719320987654321 0.03233285714285714
1 0.5731810699588477 0.10334857142857141 0.6785843621399177 0.038105714285714284
1 0.5665267489711934 0.1870664285714286 0.6686049382716049 0.027712857142857143
1 0.5665267489711934 0.21593500000000002 0.6686049382716049 0.025404285714285716
1 0.5665277777777777 0.24538071428571426 0.6752572016460906 0.033487142857142854
1 0.5665277777777777 0.27367142857142857 0.6719320987654321 0.023094285714285716
1 0.5665277777777777 0.301385 0.6719320987654321 0.027712857142857143
1 0.5665277777777777 0.33140785714285714 0.6719320987654321 0.027712857142857143
1 0.5673590534979424 0.3597007142857143 0.683574074074074 0.02425
1 0.5681913580246912 0.38452714285714285 0.6885637860082304 0.03002285714285714
1 0.568190329218107 0.41455000000000003 0.6852366255144032 0.03002285714285714
1 0.5640339506172839 0.4393771428571428 0.6935534979423869 0.02194
1 0.6887736625514403 0.5577371428571429 0.5272345679012346 0.023094285714285716
1 0.6904362139917696 0.5790992857142857 0.5272345679012346 0.02655857142857143
1 0.692932098765432 0.6045035714285715 0.5288971193415638 0.02655857142857143
1 0.6904362139917696 0.6252892857142857 0.5305596707818929 0.02425
1 0.6912674897119342 0.6489607142857142 0.5288971193415638 0.025404285714285716
1 0.672141975308642 0.7424935714285714 0.5604979423868313 0.027712857142857143
1 0.6762983539094651 0.7690528571428571 0.5521810699588477 0.03002285714285714
1 0.6738034979423868 0.8019635714285714 0.5571707818930042 0.01732142857142857
1 0.49168312757201643 0.8273678571428572 0.19293004115226337 0.033487142857142854
1 0.6779619341563786 0.8620092857142856 0.5654876543209877 0.02655857142857143
1 0.6837839506172839 0.8908771428571429 0.5604979423868313 0.028868571428571427
1 0.6837839506172839 0.9174364285714285 0.5604979423868313 0.02655857142857143