0 0.6272740286298568 0.2046782106782107 0.3895173824130879 0.06182106782106782
0 0.29458588957055215 0.45906421356421356 0.4060920245398773 0.06098556998556998
0 0.6355613496932515 0.7080194805194805 0.4037239263803681 0.065998556998557
1 0.6793680981595093 0.25772799422799425 0.4842331288343558 0.03425252525252525
1 0.6787750511247443 0.29448629148629146 0.48541513292433536 0.039264069264069265
1 0.6775910020449898 0.32915584415584415 0.4830470347648262 0.030075036075036074
1 0.6775910020449898 0.3646608946608947 0.4830470347648262 0.040935064935064935
1 0.3277361963190184 0.5121139971139972 0.47002453987730064 0.03675901875901876
1 0.3247760736196319 0.5484552669552669 0.4759447852760736 0.03592352092352092
1 0.3301032719836401 0.5827063492063492 0.48659918200408997 0.03091053391053391
1 0.3235930470347648 0.6182121212121212 0.4996237218813906 0.0401010101010101
1 0.6793680981595093 0.7635757575757576 0.4842331288343558 0.03843001443001443
1 0.6787750511247443 0.7994992784992785 0.48541513292433536 0.03341702741702742
1 0.6781840490797546 0.8333340548340549 0.4842331288343558 0.03425252525252525
1 0.6799601226993864 0.8659141414141415 0.48068098159509204 0.03091053391053391
2 0.6748282208588957 0.27596681096681097 0.48936196319018405 0.21442424242424243
2 0.32951124744376276 0.531466810966811 0.49330879345603273 0.21581673881673882
2 0.6777883435582823 0.780005772005772 0.4952822085889571 0.2172092352092352