2 0.3275475 0.6040962897526502 0.44754999999999995 0.6157014134275618
2 0.82961375 0.5461219081272085 0.3011358333333333 0.25611425206124855
2 0.8290941666666667 0.8191148409893992 0.308405 0.291339222614841
0 0.8379208333333333 0.4400800942285041 0.15991333333333332 0.03816018845700825
0 0.8389591666666667 0.6972950530035336 0.1536833333333333 0.03595877502944641
1 0.270435 0.35348586572438156 0.31671166666666667 0.08806242638398115
1 0.27406958333333337 0.4430159010600707 0.3032125 0.09246525323910483
1 0.29120291666666664 0.5332794464075383 0.2793291666666667 0.0851266195524146
1 0.30885583333333333 0.605930800942285 0.2897133333333333 0.06164369846878681
1 0.31456708333333333 0.6782149587750294 0.30528916666666667 0.09319905771495877
1 0.34571958333333336 0.7736157243816253 0.24921583333333336 0.09760247349823323
1 0.368045 0.8609440518256772 0.31671166666666667 0.090263839811543
1 0.8306520833333334 0.4837441107184923 0.26998416666666664 0.03155535924617197
1 0.8342858333333334 0.5160341578327444 0.262715 0.033023557126030625
1 0.834805 0.5494240282685512 0.26375333333333334 0.03375736160188457
1 0.8322095833333333 0.5824475853945819 0.26894583333333333 0.03228975265017668
1 0.83272875 0.6147367491166078 0.26998416666666664 0.03228975265017668
1 0.8316904166666667 0.6473934040047115 0.27206083333333336 0.033023557126030625
1 0.8301329166666667 0.742060070671378 0.2793291666666667 0.03449116607773852
1 0.8311712499999999 0.8176466431095405 0.27517583333333334 0.03449116607773852
1 0.83428625 0.8950683156654888 0.2793291666666667 0.03669257950530035