1 0.764121484375 0.30450625000000003 0.13908359374999998 0.029231944444444446
1 0.76514921875 0.3300861111111111 0.1411390625 0.026797222222222222
1 0.7644640625 0.35566388888888884 0.142509375 0.02436111111111111
1 0.7644640625 0.3806333333333333 0.1438796875 0.030449999999999998
1 0.8775125000000001 0.46528541666666673 0.1383984375 0.029231944444444446
1 0.8788828125 0.4920826388888889 0.13976875 0.029231944444444446
1 0.879225390625 0.518270138888889 0.13908359374999998 0.02557916666666667
1 0.8799105468749999 0.5432395833333333 0.13908359374999998 0.029231944444444446
1 0.880253125 0.5688180555555555 0.1411390625 0.02436111111111111
1 0.8809382812500001 0.5943972222222222 0.1438796875 0.02436111111111111
1 0.770287890625 0.6218034722222222 0.12263984375 0.02557916666666667
1 0.7699453125 0.6467722222222222 0.12469531250000002 0.021925
1 0.76926015625 0.6723513888888889 0.12606562500000001 0.031669444444444445
1 0.770287890625 0.69975625 0.12263984375 0.020706944444444444
1 0.7702878906249999 0.7235083333333332 0.12675078125 0.02436111111111111
1 0.8905296875 0.14068194444444443 0.1356578125 0.030449999999999998
1 0.89258515625 0.16686944444444446 0.142509375 0.02436111111111111
1 0.8932703125 0.19062152777777777 0.1411390625 0.023143055555555556
1 0.892927734375 0.21498194444444446 0.14182421875 0.03288611111111111
1 0.8946406250000001 0.2423875 0.1438796875 0.026797222222222222
0 0.7559 0.13885486111111112 0.111678125 0.0414125
0 0.8939550781250001 0.27831944444444445 0.08906796875 0.030449999999999998
0 0.7463078125 0.4360541666666667 0.0966046875 0.026797222222222222
0 0.9042328124999999 0.6309381944444444 0.1219546875 0.029231944444444446
2 0.8343484375000001 0.18696666666666664 0.276796875 0.157125
2 0.8209878906249999 0.3416555555555556 0.25555703125 0.15225277777777776
2 0.8268117187499999 0.5146166666666667 0.2672046875 0.18635833333333332
2 0.8302375 0.6766145833333334 0.27542656249999997 0.1376375