2 0.2742404351087772 0.33887474999999995 0.4182633158289572 0.3316285
2 0.726516129032258 0.43813225 0.41099774943735934 0.2163425
2 0.7241807951987996 0.707393 0.4156684171042761 0.322179
2 0.2758195798949737 0.7568095 0.40866241560390093 0.214008
0 0.26297599399849964 0.2015565 0.238192048012003 0.040466999999999996
0 0.7206774193548388 0.3540855 0.21717479369842463 0.037354
0 0.7101695423855965 0.56964975 0.22184546136534136 0.0389105
0 0.27873855963990996 0.67548625 0.22534808702175543 0.0389105
1 0.2740682670667667 0.2544745 0.3888132033008252 0.059143999999999995
1 0.2764036009002251 0.31050599999999995 0.3888132033008252 0.056031
1 0.2752359339834959 0.36575875 0.39114853713428355 0.0544745
1 0.2717329332333083 0.419066 0.3841425356339085 0.05214
1 0.2693975993998499 0.47237325 0.3888132033008252 0.0544745
1 0.7247640660165041 0.40233475 0.3864778694673668 0.0544745
1 0.7230127531882972 0.45642025 0.38998049512378097 0.0536965
1 0.7235967741935484 0.511284 0.39114853713428355 0.056031
1 0.7253480870217555 0.617899 0.39932183045761444 0.051362000000000005
1 0.7241804201050263 0.671595 0.396986496624156 0.056031
1 0.7241804201050263 0.72645925 0.396986496624156 0.0536965
1 0.7230127531882972 0.7821012500000001 0.39465116279069773 0.0575875
1 0.7253480870217555 0.8377432499999999 0.38998049512378097 0.0536965
1 0.2764036009002251 0.71906625 0.39348387096774196 0.0544745
1 0.27757126781695424 0.7750972500000001 0.39114853713428355 0.0575875
1 0.2764036009002251 0.8319064999999999 0.3888132033008252 0.056031