2 0.6152921875 0.17665319617927994 0.21293229166666666 0.21789860396767083
2 0.6136375 0.39922152828802354 0.2063125 0.20077810433504778
2 0.6108789062500001 0.6801557678177811 0.20410572916666667 0.2894944893460691
2 0.833740625 0.1879375459221161 0.2063125 0.2233460690668626
2 0.8381536458333333 0.40038905216752385 0.21513854166666666 0.1968868479059515
2 0.833740625 0.6431906686260104 0.21403541666666664 0.20466936076414402
0 0.5504747395833334 0.09727626745040412 0.07667760416666666 0.043579720793534164
0 0.5507505208333333 0.3214008082292432 0.07502291666666668 0.04046656869948567
0 0.5504744791666667 0.5552527553269654 0.07447083333333333 0.0381322556943424
0 0.7747153645833333 0.10272373254959588 0.07391927083333334 0.04202351212343865
0 0.7722330729166667 0.32451359294636295 0.07667760416666666 0.04202351212343865
0 0.77085390625 0.561478324761205 0.08164218749999999 0.03968846436443791
1 0.6125341145833333 0.13463005143277004 0.20189947916666667 0.03735415135929464
1 0.61446484375 0.16731520940484937 0.20686406249999997 0.03268479059515063
1 0.6158440104166666 0.19883284349742836 0.20410572916666667 0.03035047759000735
1 0.6155682291666668 0.22801579720793533 0.20355416666666667 0.028015429831006612
1 0.6152919270833334 0.2599224834680382 0.20410572916666667 0.035797942689199114
1 0.6122580729166667 0.3575874357090375 0.19914114583333334 0.0350191036002939
1 0.6125338541666667 0.3918284349742836 0.19858958333333332 0.033462894930198384
1 0.6133611979166667 0.4221792799412197 0.20024427083333332 0.027237325495958854
1 0.6125341145833333 0.4501947097722263 0.20189947916666667 0.028793534166054374
1 0.6103273437500001 0.48171197648787656 0.19748593750000001 0.03424099926524614
1 0.6111549479166667 0.5929963262307127 0.19914114583333334 0.031128581925055108
1 0.6100513020833332 0.6252920646583394 0.20134739583333333 0.033462894930198384
1 0.6100513020833332 0.6552531227038941 0.20134739583333333 0.0264592211609111
1 0.6111549479166667 0.6840470242468772 0.19914114583333334 0.031128581925055108
1 0.6111549479166667 0.7167310800881704 0.19914114583333334 0.03424099926524614
1 0.6094997395833333 0.7696495224099926 0.20024427083333332 0.03268479059515063
1 0.6086723958333333 0.8019452608376194 0.19858958333333332 0.031906686260102866
1 0.8359473958333333 0.1404669360764144 0.19969270833333336 0.031906686260102866
1 0.8370502604166667 0.1743192505510654 0.19748593750000001 0.035797942689199114
1 0.8367744791666667 0.20466972814107273 0.196934375 0.024903012490815578
1 0.8353958333333333 0.23385194709772225 0.19969270833333336 0.033462894930198384
1 0.8348442708333333 0.26498016164584864 0.19858958333333332 0.028793534166054374
1 0.8353955729166667 0.3614786921381337 0.20410572916666667 0.0350191036002939
1 0.8351197916666667 0.39416348273328433 0.20465729166666666 0.03035047759000735
1 0.83760234375 0.42373548861131527 0.20962239583333334 0.028793534166054374
1 0.8384294270833333 0.4529184423218222 0.2079671875 0.031128581925055108
1 0.8378778645833334 0.482879500367377 0.20686406249999997 0.028793534166054374
1 0.8342921874999999 0.6011671565025716 0.2063125 0.03035047759000735
1 0.8345684895833333 0.6326847905951506 0.2057609375 0.03268479059515063
1 0.8342927083333332 0.6618677443056576 0.205209375 0.025681116825863333
1 0.8342927083333332 0.6918288023512124 0.205209375 0.03424099926524614
1 0.8348442708333333 0.7241245407788391 0.205209375 0.03035047759000735