1 0.18086988636363638 0.4738127192982456 0.08599545454545454 0.024360526315789475
1 0.19467670454545452 0.49390964912280705 0.11992045454545455 0.025578947368421052
1 0.1970434659090909 0.5170530701754387 0.12465397727272727 0.02314298245614035
1 0.209271875 0.6023140350877193 0.13964375 0.018270175438596492
1 0.20611619318181817 0.624238596491228 0.13333238636363637 0.018270175438596492
1 0.195465625 0.6485995614035088 0.11360852272727272 0.03288684210526316
1 0.17534744318181816 0.7320337719298246 0.07021647727272727 0.01948859649122807
1 0.21558380681818182 0.7576127192982457 0.14753352272727271 0.01948859649122807
1 0.20887784090909092 0.7789285087719299 0.1341215909090909 0.02314298245614035
1 0.19309857954545454 0.8063337719298246 0.10729715909090909 0.024360526315789475
1 0.37179602272727275 0.536540350877193 0.06548295454545454 0.018270175438596492
1 0.3812630681818182 0.5651640350877193 0.09230681818181818 0.026796491228070173
1 0.3658789772727273 0.5870890350877194 0.059960227272727276 0.01948859649122807
1 0.362328125 0.6120583333333333 0.05601534090909091 0.028014912280701756
1 0.3714014204545455 0.7058464912280702 0.07258352272727273 0.025578947368421052
1 0.3678508522727273 0.7295982456140351 0.06706079545454545 0.02192456140350877
1 0.35404403409090907 0.7539583333333334 0.039447159090909095 0.01948859649122807
1 0.3639059659090909 0.7777096491228069 0.05917102272727273 0.018270175438596492
1 0.3544386363636363 0.8057249999999999 0.043392045454545454 0.028014912280701756
0 0.1919150568181818 0.44275263157894734 0.11913125 0.03532280701754386
0 0.2057215909090909 0.5718635964912281 0.14674431818181818 0.03288684210526316
0 0.18442045454545458 0.7021925438596491 0.108875 0.03288684210526316
0 0.38836363636363636 0.5066991228070176 0.1175534090909091 0.04384912280701754
0 0.3887579545454546 0.6650429824561404 0.13254318181818184 0.04872105263157895
2 0.19704375000000002 0.47503070175438594 0.14043295454545454 0.11936666666666666
2 0.2053275568181818 0.6181486842105263 0.1648903409090909 0.12545701754385963
2 0.2076943181818182 0.750913596491228 0.17435795454545455 0.1522535087719298
2 0.3871801136363636 0.548721052631579 0.14043295454545454 0.15468947368421054
2 0.38915227272727276 0.7375153508771929 0.14122159090909092 0.1887938596491228