1 0.3130928571428572 0.4403166666666667 0.35314 0.07186363636363637
1 0.31223285714285715 0.364189898989899 0.36175428571428575 0.07795353535353536
1 0.307065 0.5188792929292929 0.34797285714285714 0.07308181818181818
1 0.6903521428571429 0.3617535353535353 0.3496957142857143 0.07795353535353536
1 0.6869064285714286 0.4372717171717172 0.34625 0.07795353535353536
1 0.6886292857142857 0.5194888888888889 0.3496957142857143 0.0669919191919192
1 0.3079257142857143 0.7850186868686868 0.33246857142857145 0.05481111111111111
1 0.307065 0.8386111111111111 0.3273014285714286 0.047503030303030304
1 0.30964928571428574 0.8836782828282829 0.3290242857142857 0.03775858585858586
1 0.6937957142857143 0.7868454545454546 0.33246857142857145 0.046284848484848484
1 0.6946578571428572 0.8325212121212121 0.33074714285714285 0.049939393939393936
1 0.6946585714285715 0.8788065656565656 0.33763714285714286 0.05237474747474748
0 0.30878714285714287 0.2941540404040404 0.1791542857142857 0.04263131313131313
0 0.6843221428571428 0.2935449494949495 0.14814714285714287 0.04141313131313132
0 0.3130942857142857 0.7454323232323233 0.20499428571428574 0.03166868686868687
0 0.6946578571428571 0.7484777777777777 0.14814714285714287 0.03045050505050505
1 0.3044807142857143 0.660779797979798 0.3496957142857143 0.07917171717171717
1 0.6877685714285714 0.647989898989899 0.29629428571428573 0.09256969696969697
0 0.3139557142857143 0.5943974747474747 0.15503714285714285 0.04141313131313132
0 0.6860442857142857 0.5913515151515152 0.15503714285714285 0.03045050505050505
2 0.3113721428571429 0.4104747474747475 0.3738128571428571 0.2996343434343434
2 0.692935 0.4123025252525252 0.37209000000000003 0.2959808080808081
2 0.6843221428571429 0.635810101010101 0.3273014285714286 0.12667474747474747
2 0.30706500000000003 0.6376368686868686 0.36519857142857143 0.1352010101010101
2 0.3113707142857143 0.8105969696969697 0.37036714285714284 0.17661414141414142
2 0.6955192857142858 0.8130328282828283 0.3496957142857143 0.1839222222222222