2 0.6433670833333333 0.49353619047619046 0.17773416666666667 0.37928190476190476
2 0.8386079166666666 0.4437338095238095 0.1899125 0.27010761904761904
2 0.8397495833333333 0.6344619047619047 0.18762916666666668 0.11134857142857142
0 0.5860883333333333 0.3225985714285714 0.05099833333333333 0.03392666666666667
0 0.7720058333333333 0.32390285714285716 0.042245000000000005 0.028706666666666665
0 0.7836133333333334 0.6022757142857142 0.06698333333333333 0.037406666666666664
1 0.6460308333333333 0.35413333333333336 0.17088333333333333 0.030881904761904763
1 0.6456508333333333 0.3830576190476191 0.17088333333333333 0.027837142857142855
1 0.6456508333333333 0.41219952380952385 0.17088333333333333 0.030446666666666667
1 0.6448895833333332 0.4422114285714286 0.16936083333333335 0.029577142857142857
1 0.6446995833333333 0.46852619047619054 0.16898083333333333 0.026532380952380953
1 0.6448891666666666 0.4974509523809523 0.1686 0.03131714285714286
1 0.6450795833333334 0.5261580952380952 0.16898083333333333 0.026097142857142857
1 0.6450795833333334 0.5539952380952381 0.16898083333333333 0.029577142857142857
1 0.6448891666666666 0.582267619047619 0.1686 0.026967619047619046
1 0.6461016666666666 0.6104452380952381 0.16511666666666666 0.028829523809523812
1 0.6463304166666667 0.6397990476190476 0.1646575 0.02987809523809524
1 0.64610125 0.6681047619047619 0.16419916666666665 0.026733333333333335
1 0.8375908333333334 0.3554319047619048 0.1775 0.028305714285714285
1 0.8369020833333334 0.3839995238095238 0.17887583333333335 0.028829523809523812
1 0.8378195833333334 0.4128290476190476 0.18071083333333335 0.028829523809523812
1 0.8378195833333334 0.4424447619047619 0.18071083333333335 0.030401904761904762
1 0.8366729166666667 0.47048904761904764 0.1784175 0.025684761904761905
1 0.8373616666666667 0.4985323809523809 0.17704166666666665 0.030401904761904762
1 0.8385083333333334 0.5281480952380951 0.179335 0.028829523809523812
1 0.8385083333333334 0.5556680952380952 0.179335 0.02620857142857143
1 0.8387370833333333 0.6387509523809525 0.18254583333333335 0.03407142857142857
1 0.8396545833333333 0.670987619047619 0.18071083333333335 0.030401904761904762