2 0.31043722369584437 0.38999062500000004 0.4752705570291777 0.33349125
2 0.6999770114942528 0.712680625 0.4573068081343944 0.33287500000000003
0 0.23840981432360744 0.2650259375 0.2840415561450044 0.06252437500000001
0 0.7523006189213086 0.57720625 0.32016976127320956 0.05459875
1 0.320632183908046 0.3205046875 0.41111229000884175 0.044911875
1 0.32125508399646335 0.36145375 0.4098664898320071 0.03698625
1 0.32374668435013265 0.3988803125 0.41484969053934573 0.037866875
1 0.3231237842617153 0.4354256249999999 0.41609549071618035 0.035225
1 0.3231237842617153 0.46976999999999997 0.41609549071618035 0.03346375
1 0.32374668435013265 0.504114375 0.41484969053934573 0.035225
1 0.6937484526967286 0.633565625 0.4048832891246684 0.04403125
1 0.692502652519894 0.6714325000000001 0.4073748894783377 0.031702499999999995
1 0.6937484526967286 0.7075381249999999 0.4098664898320071 0.040508749999999996
1 0.6912568523430592 0.7436431250000001 0.41484969053934573 0.031702499999999995
1 0.6875194518125552 0.7793084375000001 0.4048832891246684 0.039628125
1 0.68876525198939 0.816735 0.4048832891246684 0.035225