1 0.21995182291666668 0.62012109375 0.09198697916666666 0.0520078125
1 0.21747591145833334 0.668416015625 0.09411067708333333 0.044578125
1 0.21959765625000002 0.7108720703125 0.09977083333333332 0.040333984375
1 0.2181829427083333 0.762349609375 0.09411067708333333 0.0605
1 0.3154778645833333 0.6190615234375 0.09198697916666666 0.039271484375
1 0.3165390625 0.66629296875 0.0926953125 0.0382109375
1 0.3186614583333333 0.713525390625 0.08986458333333334 0.0371484375
1 0.31689192708333336 0.7628798828125 0.09198697916666666 0.042455078125
1 0.41630989583333333 0.6195908203125 0.09694010416666667 0.036087890625
1 0.4184329427083333 0.6694775390625 0.10118619791666666 0.036087890625
1 0.41560221354166665 0.7151171875 0.09411067708333333 0.044578125
1 0.41454101562499995 0.7618173828125001 0.09340234375 0.046701171875
0 0.21747591145833334 0.5755439453125 0.07146744791666666 0.039271484375
0 0.32078515625 0.5787275390625 0.07288281249999999 0.035025390625
0 0.4134791666666667 0.5819130859375 0.074296875 0.028658203125
1 0.22278255208333334 0.4593203125 0.08208072916666666 0.0594375
1 0.3154778645833333 0.4614443359375 0.08491145833333334 0.061560546875
1 0.41100325520833336 0.4603837890625 0.07358984375000001 0.055193359375
2 0.21570638020833333 0.6700078125000001 0.10330859375 0.2388125
2 0.3176002604166666 0.6705380859375 0.0976484375 0.222892578125
2 0.41630989583333333 0.67372265625 0.10260156250000001 0.22926171875
2 0.3165390625 0.46091210937500005 0.2795 0.08597265625