2 0.7246180000000001 0.3956984021304926 0.42138400000000004 0.6837243675099867
1 0.7008086666666666 0.1471531291611185 0.34681066666666666 0.03948069241011984
1 0.7012579999999999 0.19605459387483354 0.34591200000000005 0.05832223701731025
1 0.7019316666666667 0.2480965379494008 0.34725933333333336 0.04576165113182423
1 0.7008086666666666 0.29879360852197073 0.35130266666666665 0.05204260985352863
1 0.7138366666666668 0.3508348868175765 0.3773586666666667 0.05204260985352863
1 0.710692 0.3983908122503329 0.37106933333333336 0.04306924101198402
1 0.705975 0.4454980026631158 0.3616353333333333 0.05114513981358189
1 0.7044026666666667 0.49664181091877496 0.3629826666666667 0.04935019973368841
1 0.7023813333333333 0.5468894806924102 0.35894 0.05114513981358189
1 0.7019316666666667 0.5962396804260984 0.359838 0.04755525965379494
1 0.700135 0.64334620505992 0.35624466666666665 0.0466577896138482
1 0.6992363333333332 0.6958382157123836 0.3535486666666667 0.05652862849533955
0 0.590746 0.08793342210386153 0.13746666666666665 0.06280958721704394