1 0.23641333333333336 0.2959808383233533 0.3474933333333334 0.04141317365269461
1 0.23302333333333336 0.3526185628742515 0.3474933333333334 0.04506706586826347
1 0.22793833333333335 0.3976850299401198 0.3407133333333333 0.03288622754491018
1 0.24488833333333332 0.43544431137724554 0.36105333333333334 0.023142514970059883
1 0.2677733333333333 0.6108407185628743 0.39665 0.11571257485029941
1 0.2635341666666667 0.6924479041916167 0.401735 0.030450299401197603
1 0.266925 0.747259880239521 0.40512666666666663 0.06211976047904191
1 0.27201166666666665 0.8075520958083832 0.40512666666666663 0.04141317365269461
1 0.26184083333333336 0.9439706586826347 0.378005 0.029232335329341316
1 0.6839175000000001 0.13459161676646705 0.26273833333333335 0.03288622754491018
1 0.7398558333333334 0.1790502994011976 0.384785 0.03897724550898204
1 0.6949358333333333 0.22533473053892214 0.277995 0.029232335329341316
1 0.7466358333333333 0.26796646706586824 0.391565 0.043849101796407185
1 0.7178183333333333 0.3118155688622754 0.3441033333333333 0.036541317365269464
1 0.72121 0.34896407185628747 0.3441033333333333 0.02801437125748503
1 0.7601966666666666 0.3940317365269461 0.42546666666666666 0.04506706586826347
1 0.7593491666666667 0.44823353293413176 0.42377166666666666 0.04872095808383234
1 0.7618900000000001 0.5127898203592814 0.43563666666666667 0.06577365269461077
1 0.7339216666666667 0.6918389221556887 0.38987 0.060901796407185634
1 0.7381591666666666 0.7649203592814371 0.398345 0.0633377245508982
0 0.24150000000000002 0.23081616766467067 0.2763 0.04993892215568862
0 0.24912749999999997 0.5006095808383234 0.3424083333333333 0.043849101796407185
0 0.24912666666666666 0.8848958083832336 0.12882666666666667 0.02801437125748503
0 0.7559575 0.07003652694610778 0.294945 0.04506706586826347
0 0.7542625 0.610840119760479 0.15933833333333333 0.040195209580838324
2 0.24234666666666665 0.3252125748502994 0.39326 0.25822155688622755
2 0.26777333333333336 0.6571263473053892 0.44072333333333336 0.3593185628742515
2 0.2542125 0.9190017964071857 0.4271616666666667 0.09378802395209582
2 0.7635858333333333 0.29719880239520957 0.44919833333333337 0.5140071856287426
2 0.7415508333333333 0.6967107784431138 0.44580833333333336 0.22168023952095808