2 0.16865584415584417 0.4940313852813853 0.30917893217893216 0.9437337662337663
2 0.4999992784992785 0.4761287878787879 0.3069047619047619 0.8925822510822511
2 0.8336176046176046 0.47868831168831166 0.29440115440115444 0.9028138528138528
0 0.16467748917748917 0.0835465367965368 0.22847474747474747 0.08184199134199134
0 0.49886291486291484 0.0844004329004329 0.23643001443001443 0.08866233766233766
0 0.8330497835497835 0.08226731601731602 0.24438816738816738 0.09462987012987013
1 0.1680873015873016 0.2382781385281385 0.3012222222222222 0.17646969696969697
1 0.16638239538239538 0.42540367965367964 0.29553823953823954 0.15345238095238095
1 0.16638239538239538 0.6261720779220779 0.2978124098124098 0.1525995670995671
1 0.16922438672438672 0.8248073593073594 0.29894805194805196 0.16112554112554112
1 0.500567821067821 0.2271948051948052 0.29894805194805196 0.16112554112554112
1 0.4999992784992785 0.4262575757575757 0.29894805194805196 0.15856709956709955
1 0.4997150072150072 0.6202034632034632 0.2995165945165945 0.15941991341991343
1 0.4999992784992785 0.8209707792207792 0.29894805194805196 0.15174675324675324
1 0.833049062049062 0.22421103896103894 0.28985569985569987 0.15345238095238095
1 0.8341861471861473 0.4275367965367965 0.2887186147186147 0.16283116883116883
1 0.8336176046176046 0.6278777056277056 0.28985569985569987 0.16624025974025974
1 0.8333333333333334 0.8248073593073594 0.28928715728715726 0.15941991341991343