1 0.5071013257575758 0.18295710784313723 0.8611685606060606 0.040100490196078434
1 0.5032282196969697 0.22639889705882354 0.8689147727272727 0.04678308823529411
1 0.505810606060606 0.2673357843137255 0.8740795454545455 0.03508823529411765
1 0.501936553030303 0.3070171568627451 0.8792443181818181 0.04427696078431373
1 0.5038731060606061 0.34753492647058826 0.880534090909091 0.03675857843137255
1 0.5038731060606061 0.3884712009803921 0.880534090909091 0.04344240196078431
1 0.5077462121212122 0.42982475490196076 0.888280303030303 0.03926470588235294
1 0.5083929924242425 0.46867156862745096 0.8869905303030303 0.03842892156862745
1 0.5096837121212121 0.5054301470588235 0.8895719696969697 0.03508823529411765
1 0.5103276515151515 0.5451127450980392 0.888280303030303 0.04594852941176471
1 0.5058096590909091 0.5868841911764706 0.8792443181818181 0.03759436274509804
1 0.5077452651515151 0.626984681372549 0.8753693181818182 0.04260661764705883
1 0.5103285984848486 0.6687561274509805 0.8779526515151516 0.04093627450980392
1 0.5103285984848486 0.7088553921568628 0.8779526515151516 0.04093627450980392
1 0.5090369318181818 0.7510447303921569 0.8753693181818182 0.04344240196078431
2 0.505810606060606 0.46324142156862746 0.9153939393939393 0.6324142156862744