1 0.4389404296875 0.31059681881051177 0.187478515625 0.11449377593360996
1 0.43206103515625 0.4378803596127247 0.1805986328125 0.14494467496542185
1 0.4307705078125 0.5572475795297372 0.19005859375 0.10353250345781466
1 0.59115966796875 0.8331300138312587 0.1909189453125 0.10718672199170123
1 0.58857958984375 0.9263098201936376 0.1754384765625 0.08404426002766252
1 0.8801171875 0.855055325034578 0.1633984375 0.06090179806362379
1 0.8818369140625 0.9244827109266943 0.16855859375 0.06090179806362379
1 0.88871728515625 0.2850186721991701 0.1771591796875 0.08282572614107885
1 0.891296875 0.34835546334716455 0.182318359375 0.058464730290456436
1 0.8052973632812499 0.552984785615491 0.1754384765625 0.12667496542185339
0 0.496560546875 0.20036514522821577 0.225318359375 0.07673582295988934
0 0.88269677734375 0.19975656984785617 0.1341591796875 0.0657731673582296
0 0.7885283203125 0.43788105117565695 0.1195390625 0.08160719225449516
0 0.8753872070312501 0.752131396957123 0.1831787109375 0.06455601659751037
0 0.50687939453125 0.734469571230982 0.2029580078125 0.05602904564315353
2 0.47118994140625003 0.3818520055325035 0.2949775390625 0.4762489626556016
2 0.8801171875 0.26552973720608575 0.225318359375 0.22655325034578147
2 0.80443798828125 0.503045643153527 0.1754384765625 0.22655325034578147
2 0.54127978515625 0.8373934993084371 0.2889580078125 0.25943983402489623
2 0.8732373046874999 0.8392199170124481 0.192638671875 0.24604149377593362