2 0.23304418472063854 0.4028290322580645 0.41565165336374005 0.2521524193548387
2 0.2339133409350057 0.5934810483870968 0.4104344355758267 0.12423145161290322
2 0.23175 0.7221616935483871 0.4087964652223489 0.1328758064516129
2 0.23112856328392245 0.8335278225806451 0.41015450399087794 0.08772983870967742
2 0.22750655644241735 0.9215782258064517 0.40834378563283924 0.08837016129032257
2 0.745998574686431 0.08930221774193547 0.3895399087799316 0.09853346774193548
2 0.7473734321550741 0.18524274193548387 0.38495667046750287 0.08945806451612903
0 0.22468842645381984 0.30563447580645164 0.3865478905359179 0.037627016129032256
0 0.2186157354618016 0.5474546370967742 0.3789464082098062 0.027230241935483873
0 0.2215863740022805 0.6801677419354839 0.3799139110604333 0.03663709677419355
0 0.2254056442417332 0.8172596774193548 0.3917713797035348 0.037750806451612905
0 0.22834064994298747 0.9015649193548386 0.3822286202964652 0.04029354838709677
0 0.7389840364880274 0.07436189516129031 0.3662326111744584 0.03722459677419355
0 0.7417257696693274 0.1616070564516129 0.3607502850627138 0.03489798387096774
1 0.2330279361459521 0.33343467741935484 0.3847183580387686 0.017239516129032257
1 0.2330276510832383 0.34880665322580645 0.38390592930444695 0.016952016129032257
1 0.2330276510832383 0.36403487903225806 0.3855307867730901 0.01580282258064516
1 0.23323118586088942 0.3802683467741936 0.3867497149372862 0.017814112903225807
1 0.23239823261117443 0.39614737903225805 0.38579190421892817 0.01385040322580645
1 0.23239851767388825 0.41017076612903225 0.3877502850627138 0.014889112903225806
1 0.23092958950969217 0.42488709677419356 0.3906881413911061 0.015928225806451615
1 0.23068500570125425 0.4402957661290323 0.39117730900798175 0.014889112903225806
1 0.2331325541619156 0.45518508064516133 0.38824002280501707 0.016274193548387095
1 0.23239851767388825 0.47111310483870966 0.3887297605473204 0.015581854838709677
1 0.23239851767388825 0.4861756048387097 0.3916670467502851 0.016620564516129033
1 0.2321536488027366 0.5017574596774194 0.39215678449258834 0.014543145161290323
1 0.2344053591790194 0.5735175403225806 0.3835359179019384 0.02081975806451613
1 0.23483238312428736 0.5913199596774193 0.3826830102622577 0.014785080645161292
1 0.2344053591790194 0.6061050403225806 0.3826830102622577 0.014785080645161292
1 0.23269897377423032 0.6208897177419355 0.3860957810718358 0.014785080645161292
1 0.23184578107183582 0.6359764112903227 0.3843893956670468 0.015388306451612902
1 0.23443814139110608 0.7095766129032258 0.3820051311288484 0.01854516129032258
1 0.23341020524515393 0.7259399193548388 0.38406214367160774 0.014181451612903226
1 0.23366704675028507 0.7410304435483871 0.38457582668187 0.01599959677419355
1 0.23392445838084377 0.7564846774193549 0.38406214367160774 0.014908870967741935
1 0.23366733181299887 0.7728479838709678 0.3835478905359179 0.017817741935483872
1 0.23083950969213227 0.8444830645161291 0.38406214367160774 0.014181451612903226
1 0.2310963511972634 0.8590282258064516 0.38457582668187 0.014908870967741935
1 0.2328956670467503 0.932844758064516 0.37069441277080956 0.017817741935483872
1 0.23263911060433293 0.949208064516129 0.3712086659064994 0.014908870967741935
1 0.7434572405929305 0.1035469758064516 0.3615381984036488 0.017814112903225807
1 0.7426821550741163 0.1195796370967742 0.36308836944127704 0.014251209677419356
1 0.7479903078677308 0.1993915322580645 0.36514823261117446 0.038048387096774196