2 0.36317109375 0.24339296874999997 0.18840572916666665 0.1901109375
1 0.36231875 0.2122763020833333 0.18499583333333333 0.04262552083333333
1 0.36189244791666664 0.25831197916666665 0.1858484375 0.05115104166666666
1 0.36140546875 0.31055911458333335 0.18877135416666666 0.056022395833333336
1 0.3629278645833333 0.4978075520833333 0.18572656250000003 0.0456703125
1 0.3620145833333333 0.54500078125 0.18511770833333333 0.0499328125
1 0.3620145833333333 0.5931067708333334 0.18633541666666667 0.04506145833333333
1 0.6436486979166667 0.4984166666666667 0.18572656250000003 0.046888541666666665
1 0.6451708333333332 0.5456096354166667 0.187553125 0.0499328125
1 0.6448664062499999 0.5955424479166668 0.18694427083333334 0.0499328125
1 0.36204296875 0.7782231770833333 0.18685364583333333 0.046158854166666666
1 0.36270859375 0.8272666666666667 0.18729739583333332 0.051040625
1 0.36404010416666666 0.8765320312500001 0.18907291666666665 0.047490104166666665
1 0.6443210937499999 0.7833270833333332 0.18596614583333335 0.050153125
1 0.6436549479166668 0.8317049479166666 0.1864098958333333 0.047490104166666665
1 0.6449867187499999 0.8783075520833333 0.18729739583333332 0.047490104166666665
2 0.36275104166666666 0.5243291666666666 0.18825520833333334 0.1837625
2 0.6444598958333334 0.5279234375 0.18645833333333334 0.18645833333333334
2 0.36325416666666666 0.8081494791666667 0.1892083333333333 0.18784375
2 0.64547421875 0.8104239583333332 0.18693385416666666 0.18420520833333331