2 0.14842575 0.7700392503536068 0.2387845 0.3898833097595474
2 0.39078625 0.49066159830268735 0.2272305 0.3774321074964639
2 0.6251694999999999 0.25291867043847244 0.222829 0.3797666195190948
2 0.85322475 0.2498051626591231 0.2332825 0.3859922206506365
2 0.85542575 0.7062256011315416 0.2332825 0.515953323903819
0 0.1511765 0.6326852899575671 0.212375 0.08715983026874116
0 0.38858575 0.35252899575671853 0.2107245 0.08871570014144271
0 0.62929575 0.11556400282885432 0.2101745 0.09105021216407355
0 0.8493735 0.11673196605374823 0.214576 0.09494200848656294
0 0.85019875 0.5015569306930693 0.2140255 0.09727652050919378
1 0.14567475000000002 0.7315173267326732 0.2134755 0.042023338048090525
1 0.14512450000000002 0.771984441301273 0.214576 0.03891089108910891
1 0.14457425000000002 0.8077821782178217 0.2134755 0.03268458274398869
1 0.14512450000000002 0.8459144271570013 0.212375 0.04357991513437058
1 0.14567475000000002 0.8902726308345119 0.2134755 0.04513649222065064
1 0.14457425000000002 0.9322956152758134 0.2156765 0.03891089108910891
1 0.389961 0.44630374823196606 0.214576 0.04591442715700141
1 0.38941075 0.4887164073550212 0.2156765 0.03891089108910891
1 0.38913549999999997 0.5291828147100425 0.215126 0.042023338048090525
1 0.38968575 0.571984441301273 0.2140255 0.04357991513437058
1 0.389961 0.6155643564356436 0.214576 0.04357991513437058
1 0.38941075 0.6564204384724187 0.2156765 0.03813224893917963
1 0.627645 0.21361881188118814 0.209074 0.04747100424328147
1 0.62737 0.2536966053748232 0.209624 0.03268458274398869
1 0.62792025 0.2910505657708628 0.2107245 0.042023338048090525
1 0.62737 0.3330739038189533 0.21182499999999999 0.042023338048090525
1 0.62681975 0.37548620933521926 0.2107245 0.0428012729844413
1 0.62681975 0.4163422913719943 0.2107245 0.03891089108910891
1 0.8532252499999999 0.21089462517680344 0.2156765 0.04046676096181047
1 0.8521245000000001 0.25252934936350774 0.21787700000000002 0.0428012729844413
1 0.8523995 0.29260714285714284 0.21842699999999998 0.037354314002828855
1 0.8523995 0.33229596888260254 0.21842699999999998 0.042023338048090525
1 0.85184925 0.37393033946251764 0.21952750000000001 0.04124540311173974
1 0.85322475 0.4159529702970297 0.2167765 0.0428012729844413
1 0.8548755 0.5941633663366336 0.223379 0.04435785007072136
1 0.8546005 0.638521216407355 0.223929 0.04435785007072136
1 0.85405025 0.6821014851485149 0.21952750000000001 0.03813224893917963
1 0.85294975 0.7186771570014144 0.2217285 0.03501909476661952
1 0.851024 0.7571983734087694 0.21787700000000002 0.042023338048090525
1 0.85157425 0.8003889674681753 0.2167765 0.04435785007072136
1 0.8518495 0.8439685289957568 0.217327 0.0428012729844413
1 0.8515744999999999 0.8863815417256011 0.21787700000000002 0.042023338048090525
1 0.85074925 0.9287938472418672 0.2162265 0.0428012729844413