1 0.18635749999999998 0.3386108333333333 0.26431166666666667 0.03166833333333333
1 0.18514083333333334 0.36418999999999996 0.26674833333333337 0.02436
1 0.18392166666666665 0.3928133333333333 0.26918333333333333 0.030449999999999998
1 0.18331250000000002 0.42082916666666664 0.2704016666666667 0.028015
1 0.18635749999999998 0.44762416666666666 0.26431166666666667 0.02557833333333333
1 0.18575 0.47381166666666663 0.26553000000000004 0.02436
1 0.1839225 0.5054816666666666 0.26431166666666667 0.029233333333333333
1 0.18940333333333334 0.6108408333333334 0.26553000000000004 0.02557833333333333
1 0.18940333333333334 0.64129 0.26553000000000004 0.030449999999999998
1 0.18818583333333333 0.6668691666666666 0.27283833333333335 0.028015
1 0.18818583333333333 0.6930566666666667 0.2704016666666667 0.026796666666666667
1 0.188795 0.72229 0.27162000000000003 0.02436
1 0.18818583333333333 0.750305 0.2704016666666667 0.026796666666666667
1 0.18940416666666665 0.7795375 0.27283833333333335 0.021925
1 0.8038975 0.2539591666666667 0.2764916666666667 0.028015
1 0.8032891666666667 0.2825816666666666 0.27283833333333335 0.026796666666666667
1 0.8038983333333334 0.31059666666666663 0.27405666666666667 0.026796666666666667
1 0.8026791666666667 0.3404383333333333 0.2764916666666667 0.030449999999999998
1 0.8032883333333334 0.36784416666666664 0.2752733333333333 0.03166833333333333
1 0.8026800000000001 0.4713766666666666 0.26918333333333333 0.026796666666666667
1 0.8026800000000001 0.4963458333333333 0.27162000000000003 0.028015
1 0.8038983333333334 0.5249699999999999 0.27162000000000003 0.026796666666666667
1 0.8020700000000001 0.5523758333333333 0.2752733333333333 0.02557833333333333
1 0.8020700000000001 0.5767358333333333 0.2752733333333333 0.02557833333333333
1 0.8045075 0.6845308333333333 0.27283833333333335 0.021925
1 0.8051166666666667 0.7107183333333333 0.27405666666666667 0.02314333333333333
1 0.8038983333333334 0.7399508333333333 0.27405666666666667 0.02557833333333333
1 0.8038983333333334 0.7673574999999999 0.27162000000000003 0.019488333333333333
0 0.113885 0.28319083333333334 0.13398333333333334 0.040195
0 0.10657833333333334 0.5627283333333334 0.09500666666666667 0.036539999999999996
0 0.8757616666666667 0.20462833333333333 0.14007333333333333 0.038976666666666666
0 0.8934225 0.41656583333333336 0.102315 0.046285
0 0.9049941666666667 0.6345925 0.076735 0.034105
2 0.18879333333333334 0.3915966666666667 0.29597999999999997 0.27405666666666667
2 0.18574916666666666 0.669305 0.29476166666666664 0.2570033333333333
2 0.80268 0.2856275 0.30085333333333336 0.21071833333333334
2 0.8008525 0.4951275 0.299635 0.19853833333333334
2 0.8038974999999999 0.6985391666666667 0.305725 0.18635833333333332