2 0.5890269607843137 0.31159397590361443 0.27170424836601303 0.41858554216867466
2 0.5890269607843137 0.7289 0.2728611111111111 0.41773253012048195
0 0.5890269607843137 0.1551566265060241 0.23701797385620915 0.0579710843373494
0 0.5893161764705882 0.5647903614457831 0.24915849673202617 0.06734939759036145
0 0.8561053921568628 0.4999987951807229 0.17574019607843136 0.06905301204819277
1 0.5893161764705882 0.24339156626506026 0.24337745098039215 0.10997349397590363
1 0.5884477124183006 0.35422048192771083 0.24511111111111114 0.11167951807228917
1 0.5893153594771241 0.45780120481927716 0.24684640522875817 0.09377590361445784
1 0.5887377450980392 0.6564361445783132 0.25609640522875815 0.10741686746987952
1 0.5890269607843137 0.7647060240963854 0.25551797385620917 0.10912289156626506
1 0.5878709150326797 0.8738289156626506 0.25320588235294117 0.10912289156626506
1 0.8615980392156862 0.6040072289156627 0.20059803921568628 0.13043373493975904
1 0.8613096405228757 0.7348686746987952 0.19886437908496732 0.1295831325301205
1 0.8630441176470588 0.8665807228915663 0.20233333333333334 0.13384578313253012
2 0.8641993464052288 0.6918156626506023 0.2196764705882353 0.4919012048192771