2 0.2805022104332449 0.3913040625 0.41246330680813437 0.33930062499999997
2 0.7351768346595932 0.4433075 0.395579133510168 0.4347825
2 0.2726622458001768 0.698635625 0.4112572944297082 0.22762125
0 0.2774871794871795 0.255754375 0.38472502210433246 0.06990625
0 0.7056286472148542 0.262574375 0.3171865605658709 0.06479125
0 0.2400999115826702 0.618073125 0.32442263483642797 0.06308625
1 0.2823112290008842 0.337595625 0.38954907161803715 0.06990625
1 0.2817082228116711 0.41048562499999997 0.388343059239611 0.07587375
1 0.2817082228116711 0.4970165625 0.388343059239611 0.09718687499999999
1 0.7357798408488064 0.337595625 0.3774889478337754 0.07672625
1 0.7345738284703803 0.4305196875 0.3799009725906278 0.109121875
1 0.7357798408488064 0.5285593749999999 0.38231299734748014 0.08695625
1 0.7345738284703802 0.612531875 0.38472502210433246 0.08098875
1 0.27748717948717944 0.690963125 0.39196109637488946 0.07075875
1 0.2768841732979664 0.7672631249999999 0.3931671087533157 0.08184125