1 0.17881523437499997 0.6081872946330777 0.25504140625 0.07017524644030668
1 0.17821875 0.6783625410733843 0.2562328125 0.07017524644030668
1 0.177026953125 0.748537787513691 0.25384921875 0.07017524644030668
1 0.17523984374999999 0.820802300109529 0.25265781249999997 0.0693395399780942
1 0.50059609375 0.5192152245345016 0.20617812500000002 0.06432749178532311
1 0.500893359375 0.5835427163198248 0.20558203125 0.06432749178532311
1 0.503575 0.6499578313253013 0.21094531249999998 0.06850492880613362
1 0.50417109375 0.7222228915662651 0.2121375 0.05931544359255203
1 0.8188015625 0.4014194961664841 0.25146562499999997 0.07268127053669222
1 0.8161199218749999 0.475355421686747 0.25682890625 0.07518838992332968
1 0.8128425781249999 0.5509600219058051 0.25027421875 0.07602300109529025
1 0.8146304687500001 0.6211363636363636 0.24431562499999998 0.06432749178532311
1 0.8176097656250001 0.6913116100766703 0.25027421875 0.07602300109529025
0 0.497318359375 0.4026736035049288 0.23418515625 0.14035049288061335
0 0.874517578125 0.3070175246440307 0.25206171875 0.08604819277108433
0 0.12339726562500002 0.5162907995618838 0.24550703125 0.08521248630887186
2 0.15676718750000002 0.6700082146768893 0.312246875 0.3959901423877327
2 0.50119140625 0.6357562979189486 0.2979453125 0.6215542168674699
2 0.83548671875 0.4991648411829135 0.29317812499999996 0.4837097480832421