2 0.5089808333333333 0.35886416666666665 0.314525 0.35412166666666667
2 0.510475 0.623335 0.3115366666666667 0.17482
2 0.5123425 0.7649083333333333 0.319755 0.11131666666666667
2 0.8134208333333334 0.24044916666666666 0.2898716666666667 0.10832833333333333
2 0.8141683333333333 0.3540075 0.28837666666666667 0.11878833333333333
2 0.8149158333333333 0.48512249999999996 0.2898716666666667 0.14344166666666666
2 0.8133141666666667 0.6233700000000001 0.29172166666666666 0.14230333333333334
0 0.4261091666666667 0.20632833333333334 0.14293833333333333 0.036000000000000004
0 0.7199275 0.21003416666666666 0.09317500000000001 0.03705833333333333
0 0.7241633333333334 0.31432583333333336 0.10376333333333333 0.03388166666666667
0 0.4446391666666667 0.554145 0.16940833333333333 0.03494
0 0.43616916666666666 0.7277883333333334 0.154585 0.03494
0 0.7485166666666667 0.5753208333333333 0.15670333333333333 0.039175
0 0.78875 0.43502916666666674 0.23293666666666668 0.04235166666666667
1 0.5109658333333333 0.24202500000000002 0.303055 0.016206666666666668
1 0.510155 0.2574208333333333 0.3046766666666667 0.014584999999999999
1 0.510965 0.27119583333333336 0.30629666666666666 0.012964999999999999
1 0.5101549999999999 0.28524083333333333 0.30791666666666667 0.015125
1 0.5074541666666667 0.2998275 0.302515 0.014045
1 0.5079941666666667 0.31441250000000004 0.301435 0.015125
1 0.510695 0.3276483333333333 0.30683666666666665 0.016746666666666667
1 0.5128558333333334 0.3427725 0.302515 0.013505
1 0.5115058333333333 0.3568175 0.299815 0.014584999999999999
1 0.5098841666666667 0.37140416666666665 0.303055 0.014584999999999999
1 0.510695 0.38571916666666667 0.3046766666666667 0.014045
1 0.510155 0.4003041666666667 0.3057566666666667 0.015125
1 0.510425 0.41435083333333333 0.30629666666666666 0.012964999999999999
1 0.5115066666666667 0.4275858333333333 0.30413666666666667 0.013505
1 0.5109658333333333 0.4410908333333333 0.303055 0.013505
1 0.5106958333333333 0.4554058333333334 0.303595 0.015125
1 0.507725 0.46999083333333336 0.2976533333333334 0.014045
1 0.5071833333333333 0.48322750000000003 0.2976533333333334 0.012425
1 0.5085341666666666 0.4970008333333334 0.300355 0.015125
1 0.5093449999999999 0.5107775 0.29873333333333335 0.012425
1 0.5096158333333333 0.5250933333333334 0.299275 0.016206666666666668
1 0.5093458333333334 0.5850549999999999 0.300895 0.017286666666666665
1 0.5079941666666666 0.6012608333333334 0.303595 0.015125
1 0.5098849999999999 0.6150375 0.30737666666666663 0.012425
1 0.510155 0.6293533333333333 0.30683666666666665 0.016206666666666668
1 0.509615 0.6444775 0.3057566666666667 0.014045
1 0.5098858333333334 0.6577141666666666 0.301975 0.013505
1 0.508265 0.6717591666666667 0.29873333333333335 0.014584999999999999
1 0.5077241666666666 0.6858041666666665 0.299815 0.013505
1 0.5077241666666666 0.7001191666666667 0.299815 0.015125
1 0.5117766666666668 0.7635941666666667 0.3046766666666667 0.013505
1 0.510695 0.7770991666666667 0.30683666666666665 0.013505
1 0.511235 0.7911441666666666 0.30791666666666667 0.014584999999999999
1 0.511505 0.8059991666666667 0.30629666666666666 0.015125
1 0.81321 0.24094333333333334 0.27982666666666667 0.019446666666666664
1 0.8123999999999999 0.25769083333333337 0.2814466666666667 0.014045
1 0.8134808333333332 0.2706558333333334 0.2836083333333333 0.011885
1 0.8140208333333334 0.2849716666666667 0.2825283333333333 0.016746666666666667
1 0.8123999999999999 0.3422341666666667 0.2814466666666667 0.019988333333333334
1 0.8123999999999999 0.36006 0.2814466666666667 0.015666666666666666
1 0.8137508333333333 0.37491583333333334 0.28414833333333334 0.014045
1 0.8137508333333333 0.39031166666666667 0.28414833333333334 0.016746666666666667
1 0.8129408333333333 0.4051675 0.2825283333333333 0.012964999999999999
1 0.81159 0.46458999999999995 0.28198666666666666 0.017286666666666665
1 0.8129408333333333 0.48160583333333334 0.2825283333333333 0.014584999999999999
1 0.81375 0.49646083333333335 0.2809066666666667 0.015125
1 0.8145608333333333 0.5121283333333334 0.2825283333333333 0.016206666666666668
1 0.8140208333333333 0.5277941666666667 0.2836083333333333 0.015125
1 0.8124 0.54373 0.28036666666666665 0.016746666666666667
1 0.8145616666666667 0.6058533333333334 0.28685000000000005 0.017826666666666668
1 0.8142916666666666 0.6217891666666667 0.28739 0.014045
1 0.8129408333333333 0.6363741666666667 0.2846883333333333 0.015125
1 0.8134808333333332 0.6517716666666666 0.2836083333333333 0.015666666666666666
1 0.8142908333333332 0.6674366666666667 0.28522833333333336 0.015666666666666666
1 0.8140208333333334 0.6833733333333334 0.28576833333333335 0.016206666666666668