1 0.27553177966101694 0.21193599397590362 0.20767542372881356 0.06820933734939759
1 0.27484661016949147 0.2764917168674699 0.2063050847457627 0.058465361445783126
1 0.27587500000000004 0.33922063253012047 0.2124737288135593 0.06211897590361446
1 0.27758855932203386 0.40499322289156625 0.21315847457627118 0.06211897590361446
1 0.27827372881355933 0.47259337349397595 0.2104169491525424 0.06090060240963856
1 0.27964406779661016 0.6571257530120482 0.2104169491525424 0.05481174698795181
1 0.2779313559322034 0.7210707831325301 0.2097322033898305 0.06090060240963856
1 0.2775881355932203 0.789890813253012 0.2104169491525424 0.06211897590361446
1 0.4996572033898305 0.21010918674698795 0.20767542372881356 0.06455572289156626
1 0.5 0.27588328313253013 0.20836101694915254 0.05481174698795181
1 0.5 0.3373938253012048 0.20836101694915254 0.05602861445783133
1 0.4982868644067796 0.40438403614457824 0.20767542372881356 0.0511566265060241
1 0.4989716101694915 0.4683313253012048 0.20767542372881356 0.05724698795180723
1 0.49828644067796607 0.5322778614457832 0.2104169491525424 0.05602861445783133
0 0.2772457627118644 0.13276506024096388 0.10555084745762712 0.043849397590361446
0 0.28272881355932206 0.5791724397590361 0.11377627118644068 0.05481174698795181
0 0.5020563559322034 0.13276430722891566 0.09869745762711864 0.04628463855421687
2 0.27861652542372883 0.3142515060240964 0.21795677966101698 0.4141295180722892
2 0.2779313559322034 0.6845301204819277 0.21521525423728813 0.27283734939759036
2 0.5 0.3325203313253012 0.21521525423728813 0.4579774096385542