2 0.49834151785714287 0.6814126984126984 0.9800803571428572 0.6256132756132756
1 0.49778013392857146 0.41318831168831166 0.9251316964285714 0.04132034632034632
1 0.49329464285714286 0.45958369408369404 0.9341026785714286 0.051470418470418465
1 0.492734375 0.5056168831168831 0.9329821428571429 0.040595959595959595
1 0.49161272321428573 0.5501998556998557 0.9352254464285714 0.04856998556998557
1 0.4955368303571429 0.5991320346320346 0.9430736607142858 0.04929437229437229
1 0.4960970982142857 0.6455266955266955 0.9419531250000001 0.043494949494949496
1 0.49721875 0.6893860028860029 0.9441964285714286 0.04422077922077922
1 0.4966584821428572 0.7339689754689755 0.9453169642857143 0.04494516594516594
1 0.49497656250000005 0.7807265512265514 0.9419531250000001 0.04856998556998557
1 0.4960982142857143 0.8263968253968256 0.9397098214285714 0.04277056277056277
1 0.49217410714285714 0.8720670995670997 0.9318616071428572 0.04856998556998557
1 0.49217410714285714 0.9206385281385282 0.9318616071428572 0.04856998556998557
1 0.4938560267857143 0.9644963924963924 0.9352254464285714 0.03914574314574314