2 0.291595 0.508179797979798 0.43060714285714285 0.3378161616161616
2 0.7360428571428572 0.6238065656565657 0.4336828571428571 0.3457909090909091
0 0.29057 0.37878080808080805 0.3321828571428571 0.06306868686868687
0 0.7350171428571429 0.4886065656565657 0.38242000000000004 0.056544444444444446
1 0.2997964285714286 0.44039949494949493 0.3362842857142857 0.05146969696969697
1 0.3074857142857143 0.4907813131313131 0.3516628571428571 0.050744444444444446
1 0.3054342857142857 0.5426146464646464 0.35576285714285716 0.05292020202020202
1 0.307485 0.5922712121212121 0.3598642857142857 0.04639494949494949
1 0.30799785714285716 0.6412045454545455 0.35883857142857145 0.05146969696969697
1 0.7360414285714286 0.5509505050505051 0.35576285714285716 0.057993939393939396
1 0.7370678571428572 0.6056823232323232 0.3537128571428571 0.05146969696969697
1 0.7360428571428572 0.6560656565656565 0.3516628571428571 0.049294949494949496
1 0.7365542857142857 0.7057232323232323 0.35063714285714287 0.05002020202020202
1 0.7350164285714287 0.7557434343434344 0.3475614285714286 0.05002020202020202