1 0.2482050925925926 0.08557142857142856 0.4033101851851852 0.037792922673656616
1 0.2482050925925926 0.12684501965923986 0.4033101851851852 0.0467437745740498
1 0.2489078703703704 0.16811893840104847 0.40471574074074074 0.035804062909567495
1 0.2468 0.21187909567496727 0.4061203703703704 0.04773853211009175
1 0.2446921296296296 0.2536503931847969 0.40190462962962964 0.035804062909567495
1 0.24398935185185183 0.2939292267365662 0.4033101851851852 0.04475491480996069
1 0.24398935185185183 0.3317221494102228 0.4033101851851852 0.030830930537352558
1 0.24318657407407407 0.36636959370904326 0.39805833333333335 0.03521494102228047
1 0.2426685185185185 0.41269823066841416 0.4013425925925926 0.05012516382699869
1 0.24384861111111109 0.4598994102228047 0.3989824074074074 0.044277195281782436
1 0.24384861111111109 0.4949875491480996 0.3989824074074074 0.030910878112712977
1 0.24425416666666663 0.5354908256880734 0.40037685185185184 0.04523328964613368
1 0.24563703703703704 0.577897116644823 0.39761111111111114 0.039579292267365666
1 0.2433324074074074 0.6182368938401048 0.3930018518518519 0.041101572739187416
1 0.24122962962962965 0.6619701834862386 0.39192962962962963 0.04733093053735256
1 0.24459953703703705 0.7014125163826997 0.3986694444444444 0.03155373525557012
1 0.24511805555555552 0.7344341415465269 0.3976324074074074 0.03448951507208388
1 0.242325 0.8446693971166447 0.39457962962962967 0.04076736566186107
1 0.2401648148148148 0.8839079292267366 0.39890000000000003 0.037709698558322416
1 0.242325 0.9231464613368282 0.4032203703703704 0.04076736566186107
2 0.2437652777777778 0.8604665792922674 0.4176212962962963 0.1742804718217562
2 0.24664490740740744 0.40845806028833553 0.4176212962962963 0.6971231979030144
0 0.18112129629629628 0.798295871559633 0.26641296296296296 0.04586304062909567