2 0.6355045 0.33812624999999996 0.190801 0.4748275
2 0.6352145 0.6882662500000001 0.190221 0.22980250000000002
2 0.828916 0.2254 0.185582 0.247925
2 0.828335 0.513921875 0.18094200000000002 0.31606875
0 0.6430435 0.13913375 0.173403 0.055095
0 0.6459435 0.6038125 0.154845 0.049295
0 0.8271755000000001 0.38307250000000004 0.150785 0.052919999999999995
1 0.6360840000000001 0.223950625 0.176882 0.09134124999999998
1 0.635794 0.32109125 0.17746199999999998 0.10294
1 0.6334745 0.41895562499999994 0.172823 0.09279125
1 0.6340545000000001 0.51464625 0.172823 0.09859
1 0.638694 0.6777550000000001 0.176302 0.0753925
1 0.6401445 0.75496 0.173403 0.0790175
1 0.8312355 0.14457125 0.171663 0.0717675
1 0.8309454999999999 0.21960125000000003 0.172243 0.0782925
1 0.8283354999999999 0.301155625 0.167023 0.08481625
1 0.826596 0.451578125 0.16470400000000002 0.06234375
1 0.826886 0.511384375 0.164124 0.05726875
1 0.8306555 0.5708281249999999 0.171663 0.06161875
1 0.8300755000000001 0.6295474999999999 0.172823 0.05582