0 0.23163120104438645 0.21470341328413284 0.25063577023498695 0.11027583025830258
0 0.70630091383812 0.27944833948339487 0.24945300261096603 0.11612361623616237
0 0.7193054830287207 0.5430239852398524 0.2872845953002611 0.11528782287822878
0 0.21626240208877281 0.48913976014760147 0.24590600522193212 0.11445295202952029
0 0.22394647519582248 0.7025899446494465 0.2636396866840731 0.09356734317343174
2 0.25882180156657963 0.27652444649446495 0.3948681462140992 0.2506263837638376
2 0.753 0.3299916974169742 0.4161488250652741 0.2439428044280443
2 0.7541821148825065 0.6069340405904059 0.4137845953002611 0.30994188191881916
2 0.2617780678851175 0.520885147601476 0.40550913838120106 0.21303228782287822
2 0.25882245430809403 0.7539686346863469 0.4114203655352481 0.2531328413284133
1 0.26324151436031334 0.28167850553505536 0.38191383812010443 0.018919741697416975
1 0.26354895561357705 0.29842343173431735 0.381298955613577 0.014570110701107012
1 0.2627793733681462 0.31353736162361623 0.3797597911227154 0.015222324723247234
1 0.2629340731070496 0.3287596863468635 0.37945300261096604 0.015222324723247234
1 0.26354895561357705 0.3443085793357933 0.3806827676240209 0.015875461254612547
1 0.263394908616188 0.3597490774907749 0.38099086161879897 0.015005535055350553
1 0.26293342036553524 0.37518957564575645 0.38006788511749345 0.015875461254612547
1 0.2633962140992167 0.3914986162361624 0.379144908616188 0.016744464944649446
1 0.7474758485639685 0.34847001845018455 0.37908746736292426 0.016098708487084872
1 0.7466808093994778 0.364850553505535 0.380677545691906 0.01666051660516605
1 0.7473426892950392 0.3808560885608856 0.38200130548302874 0.015350553505535056
1 0.7474758485639686 0.3961120848708487 0.38173759791122713 0.015163284132841329
1 0.7477402088772847 0.4108071955719557 0.382266318537859 0.014226937269372695
1 0.7482708877284596 0.4268127306273063 0.38120757180156656 0.01778413284132841
1 0.7475861618798955 0.6170073800738007 0.3880443864229765 0.017725092250922506
1 0.7481553524804178 0.6333897601476015 0.38690339425587467 0.015039667896678967
1 0.7477754569190601 0.6488330258302584 0.38614360313315926 0.015308118081180813
1 0.7492956919060052 0.6642758302583026 0.3831031331592689 0.01611439114391144
1 0.7491057441253263 0.6789123616236162 0.384242819843342 0.014234317343173432
1 0.7479654046997389 0.6947578413284132 0.38652349869451696 0.017456642066420662
1 0.7481553524804178 0.710200184501845 0.38690339425587467 0.013428044280442804
1 0.7473955613577024 0.725375 0.38614360313315926 0.016382841328413285
1 0.7510058746736293 0.7408178044280443 0.39260443864229766 0.014502767527675276
1 0.26404503916449085 0.5598597785977859 0.3824503916449086 0.01747785977859779
1 0.26450391644908616 0.5771757380073801 0.3815352480417754 0.017154059040590405
1 0.26473237597911226 0.5927112546125461 0.38199216710182765 0.014564575645756458
1 0.26450391644908616 0.6092177121771218 0.3815352480417754 0.018448339483394836
1 0.261871409921671 0.7674155904059041 0.38676109660574415 0.01791051660516605
1 0.2616364229765013 0.7844967712177122 0.3872310704960836 0.016251845018450187
1 0.2635137075718016 0.8005834870848708 0.3891083550913838 0.015257380073800739
1 0.2632793733681462 0.8156743542435424 0.3895770234986945 0.015588560885608857
1 0.261871409921671 0.8310973247232473 0.3848838120104439 0.015257380073800739
1 0.259523498694517 0.8468519372693727 0.3895770234986945 0.016251845018450187
1 0.26304503916449085 0.8616116236162361 0.3928629242819843 0.015920664206642066