1 0.16965791666666666 0.439289375 0.07926583333333333 0.04256875
1 0.19950500000000002 0.48846312500000005 0.09003 0.06165125
1 0.20831208333333334 0.542774375 0.08611583333333334 0.06458625
1 0.2288625 0.58534375 0.07828666666666667 0.05578
1 0.24158458333333332 0.632315 0.07241583333333333 0.058715
1 0.2719208333333333 0.6858937500000001 0.08220166666666666 0.0748625
1 0.28708833333333333 0.745343125 0.06948 0.06165125
1 0.3614616666666667 0.46057375 0.09492333333333333 0.0499075
1 0.38201166666666664 0.523693125 0.09688 0.052843749999999995
1 0.3883725 0.5831412499999999 0.09003 0.0572475
1 0.4015829166666667 0.632315 0.09296583333333333 0.041100000000000005
1 0.4089225 0.6836918750000001 0.08807333333333334 0.052843749999999995
1 0.4289833333333333 0.745343125 0.09688 0.07045875
1 0.45247000000000004 0.80479125 0.09688 0.048440000000000004
1 0.5767499999999999 0.506811875 0.10275166666666667 0.03376125
1 0.5767504166666667 0.53176625 0.10470916666666666 0.0366975
1 0.5796862500000001 0.55598625 0.10666583333333333 0.0293575
1 0.5821324999999999 0.576535625 0.10373 0.03522875
1 0.5880041666666667 0.597820625 0.09590166666666666 0.03376125
1 0.5943654166666668 0.6257106250000001 0.09883750000000001 0.03376125
1 0.5943645833333334 0.702040625 0.10666583333333333 0.06311875
1 0.5992583333333333 0.751948125 0.10862333333333335 0.06018375
1 0.6012145833333333 0.806994375 0.10666583333333333 0.07926625
1 0.6623770833333333 0.36296 0.07241583333333333 0.06899
1 0.66971625 0.426811875 0.09883750000000001 0.06458625
1 0.67118375 0.4833256249999999 0.09394416666666668 0.05431125
1 0.6736304166666667 0.53690375 0.09883750000000001 0.038165
1 0.6706949999999999 0.58094 0.07730833333333333 0.0499075
1 0.677545 0.648461875 0.06948 0.06458625
1 0.68782 0.71011375 0.07045833333333333 0.058715
1 0.84145875 0.486995625 0.0919875 0.03229375
1 0.8409691666666665 0.50828 0.09492333333333333 0.030825
1 0.8370545833333334 0.526628125 0.09296583333333333 0.04403625
1 0.8346083333333333 0.553050625 0.09590166666666666 0.03229375
1 0.8331404166666666 0.572133125 0.08709416666666667 0.03229375
1 0.8326512500000001 0.5963531249999999 0.09981583333333333 0.03376125
1 0.8267791666666666 0.6668112500000001 0.09590166666666666 0.0572475
1 0.8169941666666667 0.7189206250000001 0.107645 0.06458625
1 0.8111225 0.7798375 0.10177333333333333 0.06899
0 0.57430375 0.47304999999999997 0.052844166666666664 0.030825
0 0.5953433333333333 0.6543337499999999 0.04990833333333333 0.0293575
0 0.8443941666666667 0.453234375 0.05088666666666666 0.03229375
0 0.8292258333333332 0.62571 0.06360833333333334 0.0366975
2 0.21956583333333338 0.60075625 0.218225 0.4212825
2 0.40745458333333334 0.62571 0.19669583333333332 0.4594475
2 0.57675 0.5581875 0.12232333333333334 0.17467749999999999
2 0.5948541666666667 0.7490125000000001 0.12917333333333333 0.20403500000000002
2 0.6824375 0.533233125 0.128195 0.41834625000000003
2 0.8311829166666667 0.52075625 0.12428083333333334 0.19376000000000002
2 0.81846125 0.72185625 0.1301525 0.22018249999999998