1 0.09801171874999999 0.1352017543859649 0.137634765625 0.031669172932330826
1 0.0989609375 0.16626065162907266 0.137634765625 0.020706766917293236
1 0.096587890625 0.1973208020050125 0.132888671875 0.0243609022556391
1 0.0970625 0.22655263157894734 0.131939453125 0.021924812030075187
1 0.098486328125 0.2612669172932331 0.129091796875 0.025578947368421052
1 0.10180859375000001 0.28989097744360903 0.139533203125 0.0243609022556391
1 0.09801171875 0.32034085213032576 0.133837890625 0.021924812030075187
0 0.15164208984375 0.08038972431077694 0.0778349609375 0.036541353383458645
1 0.085671875 0.40925689223057643 0.114853515625 0.026796992481203007
1 0.085671875 0.4384899749373434 0.112955078125 0.0243609022556391
1 0.09326562499999999 0.5170526315789473 0.124345703125 0.023142857142857142
1 0.0913671875 0.6114498746867169 0.114853515625 0.0243609022556391
1 0.10133398437499999 0.7052380952380953 0.132888671875 0.021924812030075187
1 0.06431494140624999 0.73446992481203 0.0550537109375 0.0243609022556391
1 0.07095947265625 0.764921052631579 0.0702412109375 0.026796992481203007
1 0.06811181640625 0.8020701754385964 0.0588505859375 0.020706766917293236
1 0.07001025390625 0.8331303258145364 0.0683427734375 0.021924812030075187
1 0.07143408203125 0.867844611528822 0.0692919921875 0.025578947368421052
1 0.05529736328125 0.8989035087719299 0.0370185546875 0.021924812030075187
1 0.07807861328125 0.9348358395989975 0.0825810546875 0.023142857142857142
1 0.32866894531249996 0.07917167919799499 0.122447265625 0.0243609022556391
1 0.31727880859375 0.10657769423558897 0.0977685546875 0.023142857142857142
1 0.29259912109374997 0.13763659147869675 0.0503076171875 0.019488721804511278
1 0.30398974609375 0.1656516290726817 0.0711904296875 0.019488721804511278
1 0.30968505859375 0.19366666666666665 0.0825810546875 0.021924812030075187
1 0.28642919921875 0.2253345864661654 0.0360693359375 0.021924812030075187
1 0.30351513671874997 0.2557857142857143 0.0683427734375 0.019488721804511278
1 0.30446435546874995 0.2856278195488722 0.0740380859375 0.020706766917293236
1 0.29544677734375 0.315468671679198 0.0541044921875 0.019488721804511278
1 0.3272451171875 0.3453107769423559 0.119599609375 0.020706766917293236
1 0.29354833984375 0.3739348370927318 0.0503076171875 0.021924812030075187
1 0.29829443359374996 0.4037756892230577 0.0616982421875 0.025578947368421052
1 0.29876904296874995 0.4311817042606516 0.0626474609375 0.021924812030075187
1 0.3139560546875 0.4598057644110276 0.096818359375 0.028015037593984965
1 0.3134814453125 0.48903759398496244 0.099666015625 0.025578947368421052
1 0.3153798828125 0.5182706766917293 0.103462890625 0.028015037593984965
1 0.3139560546875 0.5493308270676692 0.096818359375 0.0243609022556391
1 0.3196513671875 0.6163220551378447 0.106310546875 0.0243609022556391
1 0.31965136718750004 0.6473809523809524 0.108208984375 0.025578947368421052
1 0.31775292968749996 0.6772230576441104 0.106310546875 0.021924812030075187
1 0.3172783203125 0.7082832080200502 0.101564453125 0.025578947368421052
1 0.31110888671875 0.7777105263157895 0.0930224609375 0.020706766917293236
0 0.1506923828125 0.3544461152882205 0.096818359375 0.036541353383458645
0 0.14926904296875 0.473812030075188 0.0825810546875 0.031669172932330826
0 0.14926904296875 0.5596842105263158 0.0806826171875 0.030451127819548875
0 0.14926953124999998 0.6498170426065163 0.150923828125 0.032887218045112784
0 0.37660400390625 0.5846528822055138 0.0987177734375 0.036541353383458645
0 0.37755322265625 0.7429962406015037 0.0759365234375 0.029233082706766916
2 0.1359794921875 0.19732017543859648 0.234453125 0.27771052631578946
2 0.1369287109375 0.39829448621553887 0.2325546875 0.12180200501253131
2 0.1369287109375 0.500000626566416 0.2363515625 0.07917167919799499
2 0.1369287109375 0.5870895989974937 0.23825 0.0901340852130326
2 0.132658203125 0.7941528822055138 0.23350390625 0.32155889724310777
2 0.37233203125000003 0.6461629072681705 0.23065625 0.16443358395989974
2 0.37185742187500004 0.7600482456140351 0.22780859375 0.06577318295739348
2 0.37470556640624997 0.30876942355889725 0.2202158203125 0.5127894736842106