1 0.3225161764705882 0.3477463617463618 0.46525 0.01827027027027027
1 0.3216544117647059 0.3678435550935551 0.4669735294117647 0.021924116424116426
1 0.3216544117647059 0.3909864864864865 0.4669735294117647 0.01948856548856549
1 0.3216536764705882 0.40986642411642416 0.4704191176470588 0.023142411642411643
1 0.32510073529411765 0.43300831600831596 0.4704191176470588 0.02070686070686071
1 0.32596176470588234 0.4500613305613306 0.4686970588235294 0.02070686070686071
1 0.33113088235294114 0.5724724532224532 0.45146470588235293 0.021924116424116426
1 0.33113161764705884 0.595006237006237 0.4618044117647059 0.01827027027027027
1 0.3294073529411765 0.6157130977130978 0.46525 0.02070686070686071
1 0.3319933823529412 0.6364189189189189 0.4635279411764706 0.01827027027027027
1 0.32940882352941175 0.6571257796257797 0.4686970588235294 0.02070686070686071
1 0.33113161764705884 0.6766143451143452 0.4618044117647059 0.02070686070686071
1 0.31993161764705885 0.7935446985446986 0.4635279411764706 0.02070686070686071
1 0.3225161764705882 0.815468814968815 0.4686970588235294 0.01827027027027027
1 0.3190691176470588 0.8361751559251559 0.4686970588235294 0.023142411642411643
1 0.32165514705882353 0.8532276507276508 0.4635279411764706 0.01827027027027027
1 0.3182080882352941 0.8739339916839918 0.4635279411764706 0.02557900207900208
1 0.3164838235294118 0.89525 0.4669735294117647 0.02436070686070686
1 0.3164838235294118 0.9171741164241164 0.4669735294117647 0.02436070686070686
0 0.1682933823529412 0.7472593555093554 0.1809308823529412 0.04263097713097713
0 0.17001617647058825 0.5207063409563409 0.17403823529411766 0.04019438669438669
0 0.18035588235294117 0.2990254677754678 0.1878235294117647 0.04019438669438669
2 0.3276852941176471 0.36845322245322243 0.5066058823529412 0.19123076923076923
2 0.3259625 0.5919610187110187 0.5134985294117647 0.19244802494802493
2 0.3190691176470588 0.8288674636174637 0.5169441176470588 0.21071829521829524