2 0.26406709956709956 0.37297546897546896 0.42327272727272724 0.3742539682539683
2 0.2659848484848485 0.6666666666666666 0.41943722943722944 0.21312842712842714
2 0.25703354978354975 0.8755324675324676 0.401534632034632 0.2046031746031746
2 0.7397683982683984 0.3759588744588745 0.4360606060606061 0.3580562770562771
2 0.7237857142857143 0.8776645021645023 0.421995670995671 0.2225064935064935
0 0.25895129870129874 0.21994949494949498 0.2570324675324675 0.049445887445887446
0 0.7391309523809524 0.22549062049062046 0.1687987012987013 0.04688888888888889
0 0.2576731601731602 0.5984646464646465 0.15473160173160175 0.04774025974025974
0 0.2563939393939394 0.7988066378066377 0.25191774891774893 0.04774025974025974
0 0.7263419913419913 0.7992330447330448 0.18414285714285714 0.0502987012987013
1 0.26022943722943725 0.28644516594516595 0.40025541125541125 0.061380952380952376
1 0.2608690476190476 0.3469733044733045 0.3989761904761905 0.05967532467532467
1 0.2627878787878788 0.4062229437229437 0.4028138528138528 0.05882395382395383
1 0.26342748917748915 0.4633412698412698 0.401534632034632 0.05541269841269842
1 0.26406709956709956 0.5196082251082251 0.4028138528138528 0.05711832611832612
1 0.2602305194805195 0.6291551226551226 0.3951406926406927 0.027279942279942283
1 0.2595909090909091 0.6517481962481964 0.3964199134199134 0.017903318903318904
1 0.25703354978354975 0.6713564213564214 0.39130519480519477 0.02131313131313131
1 0.2583127705627705 0.6905367965367966 0.38874675324675323 0.017050505050505052
1 0.26087012987012986 0.7097186147186146 0.39386147186147186 0.02131313131313131
1 0.2602305194805195 0.7301789321789321 0.3951406926406927 0.019607503607503605
1 0.2583127705627705 0.7519177489177489 0.39130519480519477 0.02387012987012987
1 0.25401948051948053 0.8455728715728715 0.39185281385281384 0.02801154401154401
1 0.25675974025974024 0.8687128427128428 0.38637229437229437 0.018268398268398267
1 0.25767316017316017 0.8872857142857143 0.3881991341991342 0.018877344877344878
1 0.25721645021645023 0.9055541125541126 0.38911255411255413 0.01765945165945166
1 0.25767316017316017 0.9247359307359307 0.39002597402597405 0.020704184704184704
1 0.25721645021645023 0.9448297258297258 0.390939393939394 0.019486291486291486
1 0.25447619047619047 0.9640115440115441 0.38545887445887445 0.018877344877344878
1 0.7262510822510823 0.8510533910533911 0.39002597402597405 0.02313997113997114
1 0.7257943722943723 0.8708441558441559 0.390939393939394 0.01644155844155844
1 0.7267077922077921 0.8897215007215007 0.39276623376623376 0.02131313131313131
1 0.7267077922077921 0.9085988455988456 0.39276623376623376 0.01644155844155844
1 0.7262510822510823 0.9268672438672438 0.39185281385281384 0.020095238095238097
1 0.7267077922077921 0.945134199134199 0.390939393939394 0.01644155844155844
1 0.7267077922077921 0.9655339105339106 0.390939393939394 0.024357864357864356
1 0.729448051948052 0.2859581529581529 0.39276623376623376 0.06333044733044733
1 0.729904761904762 0.34654834054834055 0.39185281385281384 0.05784992784992785
1 0.7331017316017315 0.4040916305916306 0.3982467532467533 0.05723953823953824
1 0.7335584415584415 0.46102813852813856 0.39733333333333337 0.05663059163059163
1 0.729448051948052 0.5173549783549783 0.38911255411255413 0.05602308802308802