2 0.22146488764044941 0.7413023255813953 0.13440730337078652 0.17470697674418603
2 0.3595933988764045 0.7431162790697675 0.1418497191011236 0.17108372093023255
2 0.6743764044943821 0.27444883720930235 0.13747191011235954 0.2066046511627907
2 0.813818117977528 0.5006267441860465 0.13878511235955057 0.208053488372093
2 0.6750337078651686 0.7289790697674419 0.1405365168539326 0.2008046511627907
0 0.1888483146067416 0.6735209302325581 0.06479494382022472 0.03044651162790698
0 0.32894662921348317 0.6742453488372093 0.06479494382022472 0.02754651162790698
0 0.635193820224719 0.19180697674418606 0.0529747191011236 0.031172093023255815
0 0.7860182584269664 0.4194337209302325 0.07792977528089887 0.03262093023255814
0 0.6459199438202247 0.646336046511628 0.07530337078651686 0.03262093023255814
1 0.2199325842696629 0.706143023255814 0.12696348314606742 0.02899767441860465
1 0.21949508426966294 0.7376779069767441 0.12608848314606744 0.03407209302325581
1 0.2201516853932584 0.7695744186046511 0.1274016853932584 0.02972093023255814
1 0.22037078651685393 0.8021953488372093 0.12696348314606742 0.03552093023255814
1 0.3609066011235955 0.7054186046511628 0.12959129213483148 0.03189767441860465
1 0.3609066011235955 0.735503488372093 0.12959129213483148 0.028272093023255816
1 0.361125702247191 0.76885 0.13002949438202246 0.03842093023255814
1 0.36178160112359553 0.8040093023255813 0.12871488764044944 0.03189767441860465
1 0.6741587078651685 0.22406744186046512 0.13090449438202245 0.03189767441860465
1 0.6741587078651685 0.25632441860465116 0.13090449438202245 0.03262093023255814
1 0.6728455056179776 0.2900360465116279 0.12827808988764045 0.03479767441860465
1 0.673938904494382 0.3233813953488372 0.12608848314606744 0.03189767441860465
1 0.673501404494382 0.3541906976744186 0.12521348314606742 0.02972093023255814
1 0.8133799157303371 0.4520546511627907 0.13177949438202247 0.03262093023255814
1 0.8131622191011236 0.4835906976744186 0.13221769662921348 0.03044651162790698
1 0.8127247191011238 0.5162127906976745 0.1313426966292135 0.03479767441860465
1 0.8131615168539326 0.5488325581395349 0.13046629213483146 0.03044651162790698
1 0.8131615168539326 0.5803686046511628 0.13046629213483146 0.03262093023255814
1 0.6741580056179776 0.6800453488372094 0.13002949438202246 0.03334651162790698
1 0.674377106741573 0.7126674418604652 0.12959129213483148 0.03189767441860465
1 0.673938904494382 0.7442023255813953 0.12871488764044944 0.031172093023255815
1 0.6745955056179775 0.7757372093023256 0.1274016853932584 0.03189767441860465
1 0.6745955056179775 0.8079965116279071 0.1274016853932584 0.03262093023255814