1 0.21412222222222224 0.36419024230517355 0.2858777777777778 0.01948853962017027
1 0.21412222222222224 0.3824607072691552 0.2789888888888889 0.01705239030779306
1 0.21670555555555557 0.40194859201047806 0.2876 0.01948853962017027
1 0.21498333333333333 0.420828094302554 0.27726666666666666 0.015834315651604453
1 0.21326111111111112 0.437880484610347 0.27726666666666666 0.018270464963981665
1 0.21670555555555557 0.45797806155861165 0.28071111111111113 0.01948853962017027
1 0.21326111111111112 0.4762485265225933 0.27382222222222224 0.014616240995415848
1 0.21412222222222224 0.4957370661427636 0.2721 0.01948853962017027
1 0.21498333333333336 0.5146165684348396 0.27382222222222224 0.015834315651604453
1 0.21326111111111112 0.5310599214145383 0.28071111111111113 0.01948853962017027
1 0.21498333333333333 0.5669918140144073 0.27726666666666666 0.015834315651604453
1 0.2124 0.5834345121152587 0.2789888888888889 0.01705239030779306
1 0.21412222222222224 0.5992694826457106 0.2789888888888889 0.021924688932547478
1 0.21326111111111112 0.619975442043222 0.27382222222222224 0.01948853962017027
1 0.21670555555555557 0.6406820563195809 0.27382222222222224 0.01705239030779306
1 0.21584444444444448 0.6589525212835625 0.2755444444444445 0.01948853962017027
1 0.21412222222222224 0.6778320235756385 0.2755444444444445 0.023142763588736084
1 0.21498333333333333 0.693666339227243 0.27726666666666666 0.018270464963981665
1 0.21326111111111112 0.712545841519319 0.27382222222222224 0.01948853962017027
1 0.2115388888888889 0.7314253438113949 0.27382222222222224 0.020706614276358875
1 0.21412222222222224 0.7515229207596594 0.2721 0.01948853962017027
1 0.21240046296296294 0.7716198428290766 0.26865648148148147 0.020706614276358875
1 0.2124 0.7874541584806811 0.2721 0.020706614276358875
1 0.21153935185185185 0.8057246234446628 0.2703787037037037 0.018270464963981665
1 0.2124 0.8233860510805501 0.2755444444444445 0.024360838244924687
1 0.21498333333333336 0.8434836280288146 0.27382222222222224 0.018270464963981665
1 0.20981666666666668 0.8617540929927964 0.27382222222222224 0.018270464963981665
1 0.2106777777777778 0.880024557956778 0.28243333333333337 0.020706614276358875
1 0.21153935185185185 0.8982950229207597 0.2703787037037037 0.023142763588736084
1 0.5637194444444444 0.8538366077275704 0.3203203703703704 0.01948853962017027
1 0.5637199074074074 0.8733251473477407 0.3168768518518518 0.01948853962017027
1 0.5645810185185186 0.8934227242960052 0.31515462962962965 0.018270464963981665
1 0.5645810185185186 0.9123022265880812 0.31515462962962965 0.01705239030779306
1 0.5663032407407407 0.9293546168958742 0.31515462962962965 0.021924688932547478
1 0.568025 0.9482341191879501 0.3220425925925926 0.018270464963981665
0 0.05137870370370371 0.4354446627373936 0.0430537037037037 0.09866011787819254
0 0.05051759259259259 0.6778316961362147 0.04133148148148148 0.09866011787819254
0 0.5645810185185185 0.8294764243614932 0.07749722222222223 0.021924688932547478
2 0.1917347222222222 0.45066994106090374 0.36509722222222224 0.19732023575638508
2 0.19001203703703706 0.7405605762933858 0.3719851851851852 0.37271643745907007
2 0.5688861111111111 0.8934227242960052 0.3719851851851852 0.14494499017681728