1 0.19162083333333332 0.46275114603798295 0.3330824074074074 0.018488539620170268
1 0.19162129629629632 0.481835952848723 0.3313962962962963 0.016102815979043877
1 0.19162083333333335 0.5009207596594629 0.32802314814814815 0.013717092337917486
1 0.1924638888888889 0.5191113294040604 0.3313962962962963 0.015506221349050426
1 0.1920425925925926 0.5378978388998036 0.32886666666666664 0.014910281597904388
1 0.1920425925925926 0.5572806155861165 0.32886666666666664 0.014313686967910936
1 0.19162083333333332 0.5754715127701375 0.3330824074074074 0.014910281597904388
1 0.19372916666666667 0.5927671905697446 0.3372990740740741 0.012524557956777996
1 0.19415000000000002 0.6122085789129011 0.3347685185185185 0.014313686967910936
1 0.19475925925925927 0.6307017026850033 0.33291481481481483 0.015956123117223314
1 0.1935398148148148 0.6498919449901768 0.33291481481481483 0.01724950884086444
1 0.19293055555555558 0.6677884741322855 0.33291481481481483 0.01509364767518009
1 0.19140601851851852 0.7035821872953503 0.33230462962962964 0.016818598559266536
1 0.19415 0.7232033398821218 0.3304759259259259 0.014662082514734774
1 0.19292962962962965 0.7415317616240995 0.32681666666666664 0.01509364767518009
1 0.19293055555555555 0.7589967256057629 0.328037037037037 0.015524557956777995
1 0.19262546296296298 0.8072963326784546 0.3347435185185185 0.014662082514734774
1 0.1935402777777778 0.8256244269810086 0.33413425925925927 0.014231172233136871
1 0.19354027777777777 0.8445992141453831 0.32925648148148146 0.01509364767518009
1 0.19293055555555558 0.8622806155861167 0.3304759259259259 0.014231172233136871
1 0.1932347222222222 0.8810396201702686 0.3298657407407407 0.016387033398821218
1 0.19445416666666668 0.9000144073346432 0.33230462962962964 0.01724950884086444
1 0.19415000000000002 0.9187737393582188 0.33291481481481483 0.012506221349050427
1 0.19475925925925927 0.9379639816633922 0.33291481481481483 0.015524557956777995
1 0.19384444444444443 0.9556447282252784 0.33596296296296296 0.01293713163064833
1 0.19536944444444443 0.9733258022265882 0.3377925925925926 0.01293713163064833
1 0.5666967592592593 0.8318775376555337 0.2816972222222222 0.015524557956777995
1 0.5670013888888888 0.8499898493778651 0.2774287037037037 0.01293713163064833
1 0.5657819444444444 0.8687495088408643 0.2798675925925926 0.015956123117223314
1 0.5670018518518518 0.8862148002619515 0.281087037037037 0.012074656188605107
1 0.5663916666666666 0.9054053700065489 0.281087037037037 0.013368696791093648
1 0.5670018518518518 0.9233015717092338 0.281087037037037 0.014662082514734774
1 0.5666972222222222 0.9427079240340538 0.28291666666666665 0.012074656188605107
1 0.5657824074074074 0.9608202357563852 0.28352592592592596 0.01293713163064833
0 0.1932347222222222 0.787675180091683 0.13475092592592594 0.01509364767518009
0 0.562124074074074 0.7945749836280288 0.2566981481481481 0.03234315651604453
2 0.19323518518518518 0.8803925998690243 0.36157222222222224 0.21260445317616242
2 0.5663921296296296 0.8754332023575638 0.303037962962963 0.19492272429600524
0 0.19110046296296299 0.44203110674525214 0.11828796296296297 0.018111984282907664
2 0.19475972222222224 0.6009456450556647 0.35364537037037036 0.3385278323510151
0 0.46609074074074075 0.49227144728225275 0.11462962962962962 0.03148068107400131
0 0.4493226851851852 0.38093025540275044 0.0851787037037037 0.10957498362802881
1 0.6385074074074074 0.3353100851342502 0.23146481481481482 0.01746234446627374
1 0.6372726851851852 0.3536453831041257 0.23023055555555555 0.014842829076620824
1 0.6394333333333333 0.37176260641781267 0.23331666666666667 0.01789849377865095
1 0.6363467592592593 0.39097085789129005 0.2283787037037037 0.01615258677144728
1 0.6378893518518519 0.4097426326129666 0.22899537037037038 0.017025540275049118
1 0.6388162037037036 0.4293880157170923 0.2320824074074074 0.01615258677144728
1 0.6551722222222223 0.4654034053700066 0.19566481481481482 0.013096267190569746
1 0.6557893518518519 0.48330189914865757 0.19072685185185187 0.01571578258022266
1 0.6560986111111112 0.5022920759659463 0.19257870370370372 0.017025540275049118
1 0.6567152777777778 0.5210638506876227 0.19628240740740743 0.01615258677144728
2 0.5706106481481481 0.4929063523248199 0.3783675925925926 0.08731106745252129
2 0.5743138888888889 0.38202161100196463 0.38330555555555557 0.1257275703994761
1 0.19232083333333333 0.6861162409954159 0.32925648148148146 0.014662082514734774