2 0.2542742268041237 0.651098 0.20324123711340206 0.5734173333333333
2 0.5034211340206186 0.6450086666666667 0.2589556701030928 0.5734173333333333
2 0.7411896907216495 0.645516 0.21658144329896908 0.5724026666666667
0 0.22837886597938145 0.4141193333333334 0.10750618556701032 0.08931066666666668
0 0.5022443298969073 0.45116333333333336 0.22050515463917525 0.17557733333333334
0 0.7376587628865979 0.40549266666666667 0.18283917525773197 0.09032666666666667
1 0.2574123711340206 0.5480853333333333 0.1781298969072165 0.15426399999999998
1 0.2558438144329897 0.7104699999999999 0.18126907216494845 0.17050266666666666
1 0.25662886597938145 0.8657493333333334 0.18283917525773197 0.1420853333333333
1 0.5093067010309278 0.5988313333333333 0.23306082474226802 0.10960933333333332
1 0.5089144329896907 0.7028573333333333 0.23384536082474228 0.09844533333333334
1 0.5069525773195876 0.7992726666666666 0.22992164948453608 0.09438533333333333
1 0.5077365979381443 0.8850326666666667 0.22678247422680414 0.07510266666666666
1 0.7400134020618556 0.5394593333333334 0.18597731958762886 0.16136933333333334
1 0.7411902061855671 0.701336 0.1836237113402062 0.162384
1 0.7400128865979382 0.8576306666666667 0.18126907216494845 0.15020533333333333