2 0.18648333333333333 0.39241750000000003 0.29403 0.25749500000000003
2 0.18245666666666666 0.6655808333333333 0.28232666666666667 0.2613683333333333
2 0.806905 0.2778433333333334 0.30205333333333334 0.22191666666666668
2 0.8075216666666666 0.49606249999999996 0.3032866666666667 0.20958833333333332
2 0.8084466666666666 0.6988683333333333 0.30143666666666663 0.19602666666666665
0 0.10940916666666667 0.28400749999999997 0.11897166666666666 0.03945166666666666
0 0.10139416666666667 0.5610958333333333 0.10910833333333333 0.048698333333333337
0 0.8728633333333332 0.20479583333333332 0.15904000000000001 0.05609499999999999
0 0.8895066666666668 0.41685 0.13315 0.04253333333333333
0 0.8965966666666666 0.63291 0.11527333333333334 0.04315
1 0.18615500000000001 0.3345558333333334 0.26753333333333335 0.03328833333333333
1 0.18615416666666665 0.36476166666666665 0.26999833333333334 0.028356666666666665
1 0.18831166666666665 0.393425 0.2743133333333333 0.028973333333333334
1 0.18800333333333333 0.42085666666666666 0.27493 0.02589
1 0.18769499999999997 0.44921250000000007 0.2743133333333333 0.030821666666666664
1 0.1892375 0.47726 0.27123166666666665 0.02527333333333333
1 0.18738833333333335 0.5034583333333333 0.26753333333333335 0.027123333333333336
1 0.18707916666666666 0.6070208333333333 0.26075166666666666 0.032055
1 0.18615583333333333 0.6378408333333333 0.2626016666666667 0.029588333333333335
1 0.18646333333333334 0.6674308333333333 0.2656833333333333 0.029588333333333335
1 0.18677083333333333 0.69517 0.2626016666666667 0.027123333333333336
1 0.1855375 0.7226016666666666 0.260135 0.027739999999999997
1 0.18523083333333332 0.7487999999999999 0.26075166666666666 0.024656666666666667
1 0.18708 0.7749983333333333 0.26444999999999996 0.027739999999999997
1 0.8059808333333334 0.2553433333333333 0.28047833333333333 0.026506666666666668
1 0.8056725 0.2821583333333333 0.28109500000000004 0.027123333333333336
1 0.8041316666666667 0.3080483333333333 0.27678 0.024656666666666667
1 0.8038233333333333 0.3357891666666667 0.2773966666666666 0.030821666666666664
1 0.8044391666666667 0.36507 0.2786283333333333 0.027739999999999997
1 0.8075216666666666 0.46924666666666665 0.27616333333333337 0.026506666666666668
1 0.8062891666666667 0.4960616666666667 0.2786283333333333 0.027123333333333336
1 0.8078299999999999 0.5234933333333334 0.28171 0.027739999999999997
1 0.8065966666666666 0.550925 0.2841766666666667 0.027123333333333336
1 0.8059799999999999 0.5780483333333334 0.2829433333333333 0.027123333333333336
1 0.8038225 0.6791433333333333 0.268765 0.03452
1 0.8044391666666667 0.7111975 0.26999833333333334 0.029588333333333335
1 0.8032075000000001 0.739245 0.272465 0.026506666666666668
1 0.8044399999999999 0.7672925 0.27493 0.029588333333333335