2 0.6339979550102249 0.19727561327561327 0.5701799591002045 0.2062251082251082
2 0.6345490797546012 0.3984444444444444 0.569077709611452 0.1961096681096681
2 0.6395112474437628 0.5961089466089466 0.579002044989775 0.19922222222222224
2 0.6378568507157465 0.799611111111111 0.5823108384458078 0.20778210678210676
0 0.44981901840490796 0.1143961038961039 0.18417791411042944 0.029571428571428568
0 0.44871676891615536 0.3143968253968254 0.18417791411042944 0.024903318903318903
0 0.4525766871165644 0.512062049062049 0.19189775051124744 0.026458874458874456
0 0.44706237218813905 0.7136183261183261 0.18748670756646216 0.029571428571428568
1 0.6163517382413087 0.13813203463203463 0.5128302658486708 0.025681096681096683
1 0.6152484662576687 0.16186724386724385 0.5150368098159509 0.02178932178932179
1 0.6169028629856851 0.1856038961038961 0.5183456032719836 0.025681096681096683
1 0.6169028629856851 0.2097272727272727 0.5183456032719836 0.022568542568542568
1 0.6218660531697341 0.23268470418470416 0.5282719836400818 0.023346320346320344
1 0.6202106339468303 0.2560310245310245 0.5315787321063394 0.023346320346320344
1 0.6169028629856851 0.2809336219336219 0.524963190184049 0.026458874458874456
1 0.6191083844580778 0.3357979797979798 0.5227566462167689 0.022568542568542568
1 0.6185572597137013 0.3599227994227994 0.5238588957055215 0.025681096681096683
1 0.6207638036809816 0.384047619047619 0.5282719836400818 0.022568542568542568
1 0.6218670756646216 0.4081709956709957 0.5260654396728016 0.025681096681096683
1 0.619661554192229 0.4326847041847042 0.5216543967280164 0.023346320346320344
1 0.6207627811860941 0.4560310245310245 0.5194478527607361 0.023346320346320344
1 0.6224171779141103 0.4797662337662338 0.5227566462167689 0.024124098124098124
1 0.6108374233128835 0.5373549783549784 0.5084192229038854 0.022568542568542568
1 0.6102862985685071 0.5599220779220779 0.509521472392638 0.022568542568542568
1 0.6130439672801636 0.5828795093795094 0.5150368098159509 0.023346320346320344
1 0.6152484662576687 0.6066147186147186 0.5084192229038854 0.024124098124098124
1 0.619659509202454 0.6303499278499278 0.5172413087934561 0.023346320346320344
1 0.618558282208589 0.654085137085137 0.5194478527607361 0.024124098124098124
1 0.61580163599182 0.6782092352092352 0.5139345603271983 0.024124098124098124
1 0.6108374233128835 0.7408556998556999 0.5150368098159509 0.02178932178932179
1 0.6108374233128835 0.7626450216450216 0.5150368098159509 0.02178932178932179
1 0.6097341513292432 0.7852142857142858 0.5128302658486708 0.023346320346320344
1 0.6119406952965236 0.8089494949494951 0.5062126789366054 0.024124098124098124
1 0.6119406952965236 0.8334632034632035 0.5062126789366054 0.024903318903318903
1 0.6119406952965236 0.8571991341991343 0.5062126789366054 0.022568542568542568
1 0.6141472392638037 0.8809336219336219 0.5106257668711657 0.024903318903318903