2 0.746813904494382 0.3036338329764454 0.36085814606741573 0.18339186295503213
2 0.7482310393258427 0.5051895074946466 0.3534817415730337 0.1955010706638116
2 0.7496509831460674 0.7097751605995717 0.36199297752808984 0.18598715203426122
0 0.7448279494382022 0.24091755888650962 0.08454073033707865 0.0579593147751606
0 0.6109234550561797 0.43598608137044964 0.07092275280898877 0.050173447537473236
0 0.8866741573033708 0.4398790149892933 0.06638483146067416 0.04757815845824411
0 0.7470962078651685 0.6479239828693789 0.07546207865168539 0.044982869379014995
1 0.6605477528089888 0.3000492505353319 0.13895224719101124 0.02206852248394004
1 0.6604030898876404 0.3203522483940043 0.13924157303370788 0.01853747323340471
1 0.6596790730337079 0.34131691648822265 0.13779353932584268 0.02339186295503212
1 0.6533096910112359 0.4880663811563169 0.14763623595505618 0.023832976445396146
1 0.6533096910112359 0.510796573875803 0.14763623595505618 0.021627408993576017
1 0.6535997191011236 0.53396573875803 0.14995224719101125 0.023832976445396146
1 0.6540337078651686 0.5564743040685224 0.14908426966292135 0.021184154175588867
1 0.6524410112359551 0.5811916488222699 0.14589887640449437 0.02824625267665953
1 0.8346228932584269 0.30027087794432544 0.1437766853932584 0.022802997858672375
1 0.8336580056179774 0.3219700214132762 0.1437766853932584 0.02206852248394004
1 0.8338988764044943 0.34256638115631693 0.14425842696629215 0.019124197002141324
1 0.841618679775281 0.4889496788008565 0.1432935393258427 0.029423982869379015
1 0.8411362359550562 0.513958244111349 0.14425842696629215 0.020597430406852246
1 0.8404129213483147 0.5374978586723769 0.142811797752809 0.02648179871520343
1 0.8394473314606742 0.5621391862955032 0.14184691011235956 0.01838972162740899
1 0.8411355337078652 0.5831038543897217 0.14522331460674157 0.02353961456102784
1 0.6602099719101123 0.6993276231263382 0.14618960674157302 0.02501070663811563
1 0.660933988764045 0.724703426124197 0.14474157303370785 0.025745182012847964
1 0.6604515449438203 0.7504507494646682 0.1437766853932584 0.025745182012847964
1 0.831004213483146 0.7019014989293361 0.1403988764044944 0.03015845824411135
1 0.8297977528089888 0.7261755888650963 0.142811797752809 0.01838972162740899
1 0.8314866573033708 0.7504496788008564 0.14618960674157302 0.03015845824411135