1 0.7065926756352766 0.16382517482517484 0.24759790732436474 0.0816083916083916
1 0.7073729446935725 0.2442132867132867 0.2554095665171898 0.08891608391608392
1 0.7073729446935725 0.3239941724941725 0.2569701046337818 0.0803892773892774
1 0.7069828101644245 0.4056037296037296 0.2530657698056801 0.08282517482517482
0 0.561704783258595 0.285018648018648 0.035929745889387146 0.30694172494172495
1 0.797586696562033 0.5121794871794871 0.24681763826606878 0.0816083916083916
1 0.7971958146487296 0.5895256410256411 0.24915994020926754 0.0803892773892774
1 0.7979775784753363 0.6668694638694639 0.2460358744394619 0.06942657342657342
0 0.9401315396113602 0.5852622377622378 0.03202391629297459 0.23020745920745922
0 0.5640470852017937 0.8386118881118881 0.031242152466367714 0.23020745920745922
1 0.7089357249626308 0.7606561771561771 0.25228400597907324 0.07186247086247087
1 0.7081547085201795 0.8404382284382285 0.24759790732436474 0.0682097902097902
1 0.7093266068759342 0.9177832167832167 0.2530657698056801 0.0816083916083916
2 0.6870650224215247 0.2831923076923077 0.3116457399103139 0.33982983682983686
2 0.8108639760837071 0.5864790209790209 0.3046158445440957 0.23995104895104893
2 0.6894088191330343 0.8392202797202797 0.3116457399103139 0.24847785547785547