2 0.5063520151133502 0.13564425645592162 0.8958324937027708 0.13492520035618877
2 0.5098394206549118 0.2696727515583259 0.8977342569269522 0.11430543187889582
2 0.49969584382871535 0.37882235084594834 0.8774471032745592 0.0654452359750668
2 0.5022317380352644 0.5482626892252893 0.8837858942065491 0.13985574354407834
2 0.4962090680100756 0.7141170970614426 0.8742770780856424 0.1757159394479074
2 0.49811146095717884 0.8801954585930544 0.8856889168765743 0.14209706144256454
0 0.12803778337531488 0.08635485307212823 0.12496221662468514 0.02945057880676759
0 0.12639357682619648 0.2270213713268032 0.12167380352644835 0.027125556544968833
0 0.1505088161209068 0.36110017809439 0.16990428211586903 0.028675868210151383
0 0.12639357682619648 0.48936642920747997 0.12167380352644835 0.020150489759572576
0 0.15763350125944584 0.6397208370436331 0.1885390428211587 0.02480053428317008
0 0.13242254408060453 0.8245636687444345 0.14030856423173804 0.027125556544968833
1 0.5018280856423174 0.10883036509349957 0.8791196473551637 0.015500445235975067
1 0.5012802267002519 0.12471905609973284 0.8802153652392947 0.016275155832591273
1 0.5067613350125945 0.1413820124666073 0.8911775818639799 0.017050756901157614
1 0.5078564231738035 0.17509572573463936 0.8889848866498741 0.0503766696349065
1 0.5023765743073048 0.24794701691896706 0.8758312342569269 0.016275155832591273
1 0.5012795969773299 0.2638357079252004 0.8758312342569269 0.020150489759572576
1 0.5034716624685138 0.28127382012466606 0.8802153652392947 0.01472573463935886
1 0.5040207808564232 0.3049113980409617 0.8791196473551637 0.03255120213713268
1 0.4990869017632242 0.38008860195903826 0.8714458438287154 0.020150489759572576
1 0.4985396725440806 0.3983014247551202 0.8725428211586902 0.016275155832591273
1 0.5007311083123426 0.5110676758682101 0.8747342569269522 0.021700801424755122
1 0.5011240554156171 0.5278410507569012 0.8761448362720403 0.014946571682991986
1 0.49916624685138533 0.5438949243098842 0.8722292191435768 0.017161175422974174
1 0.4999489924433249 0.5602257346393588 0.8706637279596977 0.015500445235975067
1 0.5011227959697733 0.5760031166518255 0.8745780856423173 0.016054318788958147
1 0.5019068010075567 0.6006380231522707 0.8730125944584384 0.033215494211932324
1 0.4960340050377834 0.6618089937666963 0.8675314861460958 0.018268032056990204
1 0.4956423173803527 0.6786941228851291 0.8683148614609572 0.015500445235975067
1 0.49642506297229216 0.6955783615316118 0.8698803526448362 0.018268032056990204
1 0.4987739294710327 0.7110788067675868 0.8651826196473552 0.012732858414959929
1 0.49955667506297224 0.7263027604630454 0.8667481108312343 0.017715048975957257
1 0.49799181360201505 0.7431865538735529 0.8698803526448362 0.016054318788958147
1 0.49681738035264483 0.7600712377560107 0.8675314861460958 0.017715048975957257
1 0.4979918136020151 0.7838757791629563 0.8651826196473552 0.029894033837934104
1 0.5007317380352644 0.8456006233303651 0.8722292191435768 0.016054318788958147
1 0.5022978589420655 0.8616549421193233 0.8690969773299748 0.016054318788958147
1 0.5007323677581864 0.8779848619768478 0.8659659949622166 0.016607301869991094
1 0.49955793450881614 0.8934861976847729 0.8683148614609572 0.01439358860195904
1 0.5007323677581864 0.9267008014247551 0.8706637279596977 0.05203739982190561