1 0.5093436813186814 0.4226556836902801 0.11943241758241757 0.13154695222405272
1 0.504062087912088 0.5377586490939044 0.11374505494505494 0.11084019769357496
1 0.4995936813186813 0.6485996705107084 0.1080576923076923 0.12058484349258648
1 0.6604615384615384 0.33861161449752886 0.10968241758241759 0.1047504118616145
1 0.6559931318681319 0.4488426688632619 0.11212032967032967 0.1181482701812191
1 0.634868956043956 0.6729596375617793 0.09912032967032967 0.1035321252059308
1 0.7059596153846155 0.8733253706754531 0.07230934065934067 0.07795387149917628
1 0.7847689560439561 0.8855053542009885 0.06743461538461538 0.08038962108731466
0 0.5125934065934067 0.29232660626029655 0.13243186813186814 0.08769769357495881
0 0.6620868131868132 0.26674794069192753 0.12105714285714286 0.06333772652388797
0 0.6137453296703297 0.8623628500823723 0.08612142857142858 0.12180313014827018
2 0.5044684065934066 0.4792936573311367 0.1535554945054945 0.4957372322899506
2 0.6600552197802199 0.48599299835255355 0.1462434065934066 0.5066993410214168
2 0.6949912087912088 0.8702800658978583 0.26161318681318685 0.15225370675453048