2 0.2512407142857143 0.1410913508260447 0.4398728571428571 0.2122759961127308
2 0.547622142857143 0.3491054421768708 0.3935042857142857 0.19181632653061223
2 0.4041307142857143 0.7118503401360543 0.3797185714285714 0.2284742468415938
2 0.7412407142857144 0.8746807580174928 0.39977 0.1756180758017493
0 0.23306928571428573 0.07161127308066084 0.31079285714285715 0.05797084548104956
0 0.5501271428571428 0.2800515063168124 0.21304285714285714 0.053708454810495625
0 0.39661142857142856 0.6261720116618076 0.21429714285714288 0.05541302235179787
0 0.7324678571428571 0.8256608357628766 0.23434714285714286 0.06052866861030126
1 0.2643985714285714 0.11381098153547134 0.38097142857142857 0.03665792031098153
1 0.26377285714285714 0.14748542274052479 0.3822257142857143 0.030690962099125363
1 0.2593864285714285 0.1773226433430515 0.3734528571428571 0.02898542274052478
1 0.26126642857142857 0.2092930029154519 0.36969285714285716 0.0349533527696793
1 0.5507542857142858 0.32310349854227405 0.3621742857142857 0.037511175898931
1 0.5501278571428572 0.3567769679300291 0.36342714285714284 0.0298377065111759
1 0.5495014285714285 0.38789455782312926 0.3621742857142857 0.0323955296404276
1 0.5501271428571428 0.41986394557823126 0.36092 0.03154324586977648
1 0.40601 0.6662405247813411 0.3584142857142857 0.0298377065111759
1 0.40538357142857145 0.6977832847424684 0.35966714285714285 0.03324781341107872
1 0.4072635714285714 0.7297526724975704 0.36342714285714284 0.030690962099125363
1 0.4091435714285714 0.7595908649173956 0.35966714285714285 0.02898542274052478
1 0.40977 0.7907074829931973 0.36092 0.03324781341107872
1 0.7424928571428572 0.8653027210884354 0.36468 0.0323955296404276
1 0.7431207142857144 0.8972721088435375 0.36342714285714284 0.03154324586977648
1 0.7468800000000001 0.9300937803692906 0.36844000000000005 0.039215743440233236