2 0.29299624999999996 0.5431907499999999 0.1603115 0.2988325
2 0.49805425000000003 0.5863815 0.1501945 0.296498
2 0.7054475 0.55097275 0.158755 0.30972750000000004
0 0.28944475 0.42255174999999995 0.1413855 0.0457855
0 0.496211 0.4657735 0.132228 0.042855
0 0.7062747500000001 0.42346775000000003 0.14578049999999998 0.0461515
1 0.29438949999999997 0.47932575 0.14468199999999998 0.0472505
1 0.2949385 0.5295065 0.146513 0.042855
1 0.29567150000000003 0.57437625 0.145048 0.0468845
1 0.29658725 0.62181 0.1468795 0.047983
1 0.296404 0.6681447500000001 0.146513 0.044686500000000004
1 0.49969075 0.522181 0.1406525 0.045052999999999996
1 0.49840875 0.5707132500000001 0.1432165 0.044686500000000004
1 0.49877525 0.6175975 0.1439495 0.043954
1 0.49785975 0.66448175 0.1413855 0.043221499999999996
1 0.498226 0.71264825 0.142118 0.0406575
1 0.7046264999999999 0.47987525 0.142484 0.044686500000000004
1 0.70316125 0.528774 0.14028649999999998 0.042855
1 0.7049924999999999 0.57620775 0.142484 0.0410235
1 0.70426 0.6219929999999999 0.142484 0.040290999999999993
1 0.70535925 0.67089175 0.1439495 0.0435875