2 0.5036216666666666 0.29515573770491804 0.85847 0.21602868852459015
2 0.5018516666666667 0.7725215163934426 0.85493 0.280547131147541
0 0.49952500000000005 0.21561168032786887 0.30884333333333336 0.05794467213114754
0 0.5045366666666666 0.6637602459016393 0.40109333333333336 0.06287704918032787
1 0.28594166666666665 0.2627684426229508 0.4171366666666667 0.03883606557377049
1 0.28744666666666663 0.2975973360655738 0.42014666666666667 0.029588114754098362
1 0.28493666666666667 0.33458299180327866 0.4131266666666667 0.04314959016393442
1 0.287945 0.37834938524590167 0.4191433333333333 0.044383196721311476
1 0.7171166666666666 0.2606106557377049 0.4131266666666667 0.03328688524590164
1 0.716615 0.3000625 0.41212333333333334 0.044383196721311476
1 0.72163 0.3401301229508197 0.41813999999999996 0.03698565573770492
1 0.7211266666666667 0.37896618852459013 0.41112 0.044383196721311476
1 0.2845566666666667 0.7157551229508197 0.4131666666666667 0.04830942622950819
1 0.285785 0.7617981557377049 0.4143966666666667 0.04453483606557377
1 0.2836383333333333 0.8044467213114754 0.41501 0.04227049180327869
1 0.28394500000000006 0.849734631147541 0.4143966666666667 0.045288934426229506
1 0.2839433333333333 0.8942694672131147 0.4131666666666667 0.04076024590163934
1 0.71246 0.7161321721311475 0.41194 0.045288934426229506
1 0.7127666666666667 0.7606659836065575 0.4113266666666667 0.043778688524590166
1 0.715835 0.8057663934426229 0.41623666666666664 0.046422131147540985
1 0.7161416666666667 0.8512448770491803 0.41562333333333334 0.04453483606557377
1 0.7152233333333333 0.8921926229508197 0.4113266666666667 0.03887295081967213