2 0.35549875 0.46285450000000006 0.25636349999999997 0.13822900000000002
2 0.35641225 0.60443325 0.2545365 0.14492750000000001
2 0.353672 0.746316 0.251492 0.14249199999999998
2 0.6416999999999999 0.604433 0.251492 0.24235800000000002
0 0.31804875 0.41413975000000003 0.16319550000000002 0.0347095
0 0.33053224999999997 0.55541325 0.1832905 0.0347095
0 0.322007 0.6942515000000001 0.17841900000000002 0.027402000000000003
0 0.6447447500000001 0.503654 0.24418450000000003 0.032274000000000004
1 0.36067449999999995 0.45767875 0.218 0.047497500000000005
1 0.35884799999999994 0.5048717500000001 0.221654 0.0468885
1 0.36463275 0.598039 0.2234805 0.049324
1 0.36402375 0.64644975 0.2246985 0.047497500000000005
1 0.36097925 0.7380950000000001 0.2246985 0.048106
1 0.36128375 0.7855927500000001 0.2240895 0.0468885
1 0.6432224999999999 0.5471929999999999 0.227743 0.049933
1 0.6435272500000001 0.5968215 0.2271345 0.049324
1 0.6444405000000001 0.645841 0.22896100000000003 0.048715
1 0.644745 0.694556 0.228352 0.048715