2 0.25825785714285715 0.34100555555555556 0.36532714285714285 0.260869696969697
2 0.7537992857142857 0.5400681818181818 0.3556814285714286 0.2531969696969697
2 0.26368357142857146 0.7902813131313131 0.3810014285714286 0.2693949494949495
0 0.2685057142857143 0.23699949494949496 0.1905 0.04944545454545455
0 0.7525942857142858 0.43989747474747476 0.21340857142857142 0.04774040404040404
0 0.26368285714285716 0.6820116161616162 0.2170257142857143 0.04603535353535354
1 0.26157857142857144 0.2950656565656566 0.32664571428571426 0.04741010101010101
1 0.26157857142857144 0.3405186868686869 0.32664571428571426 0.043495959595959595
1 0.25850285714285715 0.38640656565656567 0.32049428571428573 0.04827979797979798
1 0.26127214285714284 0.4372969696969697 0.30880714285714284 0.05002020202020202
1 0.7460121428571428 0.49666818181818184 0.3248014285714286 0.04523535353535354
1 0.7478578571428571 0.5419035353535353 0.32111 0.04523535353535354
1 0.7490878571428571 0.5877914141414141 0.32356999999999997 0.04654040404040404
1 0.7497028571428572 0.6334616161616162 0.32234 0.0448
1 0.27158428571428567 0.7398328282828284 0.3492742857142857 0.05516262626262626
1 0.27023928571428574 0.786910101010101 0.35106714285714286 0.039628282828282825
1 0.26979142857142857 0.8305010101010101 0.3501714285714286 0.047553535353535355
1 0.2709114285714286 0.8791636363636364 0.34972285714285717 0.04723636363636364