1 0.467553911205074 0.10414071428571428 0.6128752642706131 0.03775857142857143
1 0.4711596194503171 0.138855 0.6200866807610993 0.03410428571428572
1 0.4711596194503171 0.16930499999999998 0.6200866807610993 0.03410428571428572
1 0.4792716701902748 0.20158285714285715 0.6254947145877378 0.028014285714285714
1 0.4783689217758985 0.22959857142857143 0.6309027484143762 0.03045142857142857
1 0.4774693446088795 0.2649207142857143 0.6218900634249471 0.03288714285714286
1 0.4747653276955603 0.29598 0.6164820295983087 0.03166857142857143
1 0.47476427061310783 0.32521357142857144 0.6272959830866808 0.03410428571428572
1 0.47296088794926006 0.35749142857142857 0.6381120507399577 0.028014285714285714
1 0.47566596194503175 0.3891592857142857 0.6290993657505286 0.03288714285714286
1 0.4783689217758985 0.4250914285714286 0.6309027484143762 0.03166857142857143
1 0.47656659619450314 0.45676071428571424 0.6345073995771671 0.029232857142857144
1 0.4738625792811839 0.48538357142857136 0.6182832980972516 0.02557857142857143
1 0.4792716701902748 0.5858714285714286 0.6254947145877378 0.03166857142857143
1 0.4738625792811839 0.61693 0.6110739957716702 0.028014285714285714
1 0.47296088794926006 0.6461628571428571 0.6092706131078224 0.028014285714285714
1 0.4774672304439746 0.6796592857142857 0.6074672304439747 0.029232857142857144
1 0.47476321353065537 0.7125464285714286 0.62369133192389 0.03654142857142857
0 0.4044640591966173 0.042630714285714286 0.5263530655391121 0.06821
0 0.23051479915433404 0.53715 0.19647991543340382 0.046285714285714284
2 0.4657505285412262 0.2563942857142857 0.6813742071881608 0.5006085714285714
2 0.4612431289640592 0.6236300000000001 0.6831754756871036 0.22411714285714288