2 0.250880412371134 0.6583126666666667 0.20885567010309278 0.58758
2 0.49903144329896904 0.6485653333333333 0.26591443298969075 0.5820106666666667
2 0.7407221649484536 0.6457806666666667 0.2131618556701031 0.58758
0 0.23849948453608247 0.41812866666666665 0.1754814432989691 0.09607333333333334
0 0.4963391752577319 0.459204 0.24976494845360825 0.18936266666666665
0 0.7412608247422681 0.40768533333333334 0.20777938144329897 0.11138933333333334
1 0.2532536082474227 0.5499773333333333 0.1702742268041237 0.14989333333333332
1 0.25242938144329896 0.7066193333333334 0.17192268041237113 0.16339066666666668
1 0.25545 0.8678786666666667 0.1779639175257732 0.159128
1 0.5083907216494845 0.6046773333333333 0.23783505154639173 0.09448266666666666
1 0.5108618556701031 0.7037779999999999 0.2339896907216495 0.100876
1 0.5103128865979382 0.8007466666666667 0.2328917525773196 0.09306133333333334
1 0.5108623711340207 0.8899000000000001 0.23179278350515464 0.08240533333333333
1 0.7440283505154639 0.5414526666666667 0.18290824742268041 0.14563066666666666
1 0.745951030927835 0.6984493333333334 0.1845556701030928 0.169784
1 0.7470494845360824 0.860774 0.18235876288659794 0.15486533333333333