2 0.4991466666666666 0.34057888888888893 0.7996577777777778 0.677748888888889
2 0.5044722222222222 0.82397 0.8051533333333334 0.2880377777777778
0 0.5020544444444445 0.037664444444444445 0.4136911111111111 0.07636
0 0.49867222222222224 0.712331111111111 0.4011266666666667 0.06669333333333334
1 0.4994855555555555 0.40079888888888887 0.78958 0.04669555555555556
1 0.49878 0.44678888888888885 0.7909955555555556 0.04528
1 0.4998411111111111 0.4948988888888889 0.7931177777777778 0.05094
1 0.5009022222222222 0.5408866666666666 0.7909955555555556 0.04103555555555556
1 0.5001944444444444 0.5851055555555555 0.78958 0.04740222222222222
1 0.4987788888888888 0.6289733333333334 0.7924111111111111 0.040328888888888886
1 0.45066999999999996 0.7906366666666667 0.6877 0.04669555555555556
1 0.45066999999999996 0.8373322222222223 0.6877 0.04669555555555556
1 0.4499622222222222 0.8840300000000001 0.6862844444444444 0.04669555555555556
1 0.4492544444444444 0.92931 0.6877 0.04386444444444445