2 0.47136500000000003 0.37742 0.15299625 0.16354333333333335
2 0.4725065625 0.5568400000000001 0.147450625 0.14745
2 0.63953 0.37785541666666667 0.16376124999999997 0.1748525
2 0.7975853124999999 0.5837091666666667 0.13536937500000001 0.33731333333333335
0 0.47663812499999997 0.32406708333333334 0.12260875 0.05030083333333333
0 0.637250625 0.3185183333333333 0.11650624999999999 0.04808166666666667
0 0.48024468750000004 0.51047625 0.122054375 0.05030083333333333
0 0.7631884375 0.43354624999999997 0.068794375 0.034027499999999995
1 0.4755290625 0.36623083333333334 0.13481437500000001 0.03106833333333333
1 0.47552875 0.3943404166666667 0.13592375 0.025150833333333334
1 0.47525125 0.42429916666666667 0.13647875 0.03476666666666667
1 0.47608375 0.5541204166666667 0.13592375 0.04290416666666667
1 0.47552875 0.5933258333333333 0.13703374999999998 0.035506666666666666
1 0.63530875 0.36327208333333333 0.14258125 0.034027499999999995
1 0.63530875 0.3943404166666667 0.14258125 0.028109166666666668
1 0.63586375 0.42503875 0.14369125 0.0332875
1 0.79176 0.47866875000000003 0.1259375 0.029589166666666666
1 0.7923146874999999 0.5082579166666666 0.124828125 0.029589166666666666
1 0.7917599999999999 0.5437645833333333 0.12371874999999999 0.04142416666666667
1 0.7914828125 0.5814904166666667 0.124273125 0.034027499999999995
1 0.7898184374999999 0.6129279166666666 0.12094437499999999 0.028849166666666665
1 0.7881540625 0.6458454166666666 0.124273125 0.036985833333333336
1 0.7903734374999999 0.6798733333333333 0.128711875 0.03106833333333333
1 0.7909278125 0.7131608333333334 0.127601875 0.035506666666666666