2 0.6096609816971714 0.3166584858569052 0.19047171381031613 0.17975457570715475
2 0.8188868552412646 0.32006863560732113 0.1890099833610649 0.1885232945091514
2 0.7192670549084859 0.5224750415973377 0.23236605657237935 0.17244758735440932
0 0.6191597337770383 0.252842762063228 0.13152745424292844 0.03166389351081531
0 0.8296044093178037 0.2535736272878536 0.13542512479201332 0.029228785357737107
0 0.7143960066555741 0.45451913477537437 0.20411148086522463 0.027767054908485855
1 0.6118527454242928 0.2991218801996672 0.17926788685524125 0.01802412645590682
1 0.6138015806988354 0.31738935108153077 0.18024209650582362 0.014613976705490847
1 0.613314475873544 0.33175998336106494 0.181216306156406 0.014127287853577373
1 0.6145324459234609 0.3466177204658902 0.1836522462562396 0.01558818635607321
1 0.6135582362728786 0.3617188019966722 0.18560066555740434 0.014613976705490847
1 0.6125840266222962 0.3765765391014975 0.1836522462562396 0.015101497504159735
1 0.6118527454242928 0.3928955906821963 0.18511314475873544 0.017536605657237938
1 0.8203485856905158 0.2986339434276207 0.17926788685524125 0.018998336106489183
1 0.8201052412645591 0.3156846921797005 0.17975457570715475 0.015101497504159735
1 0.8203490016638936 0.331272462562396 0.18024209650582362 0.016075707154742096
1 0.8213232113144758 0.3461301996672213 0.1782936772046589 0.013639767054908486
1 0.8218103161397671 0.3612312811980033 0.17926788685524125 0.016562396006655575
1 0.8213232113144758 0.3765769550748752 0.18024209650582362 0.014127287853577373
1 0.8208361064891847 0.3924089018302829 0.17926788685524125 0.017536605657237938
1 0.7219463394342762 0.5005536605657237 0.1968044925124792 0.017536605657237938
1 0.7209721297836938 0.5161426788685525 0.19875291181364393 0.013639767054908486
1 0.7217029950083195 0.5305133111480865 0.20021464226289518 0.015101497504159735
1 0.7221900998336106 0.5451277038269551 0.1992404326123128 0.014127287853577373
1 0.7217034109816972 0.5607154742096505 0.1992404326123128 0.017049916805324458
1 0.7212154742096506 0.5763040765391014 0.20021464226289518 0.014127287853577373
1 0.7204850249584026 0.591161397670549 0.1997271214642263 0.016562396006655575