2 0.22174999999999997 0.5940871369294606 0.3043115015974441 0.33204564315352697
2 0.5057923322683706 0.5884730290456431 0.24647603833865817 0.3194107883817427
2 0.38066293929712464 0.8162707468879667 0.5745718849840256 0.08704771784232365
2 0.7938889776357827 0.4368392116182573 0.23350319488817892 0.2913298755186722
0 0.16283466453674122 0.4733433609958506 0.15837220447284345 0.0568609958506224
0 0.47741613418530354 0.47544917012448135 0.17891214057507987 0.0596701244813278
0 0.16472523961661342 0.8155705394190872 0.13945367412140575 0.07721991701244812
1 0.22337300319488818 0.5477562240663901 0.29458306709265175 0.07511410788381742
1 0.2214800319488818 0.6221670124481328 0.29188019169329077 0.07932572614107884
1 0.22688658146964857 0.7007935684647302 0.28107028753993607 0.07792323651452282
1 0.5047124600638977 0.5389813278008299 0.23999041533546328 0.0547551867219917
1 0.5055231629392971 0.5958433609958507 0.23836900958466453 0.05896887966804979
1 0.5063338658146965 0.651301867219917 0.23999041533546328 0.05194813278008299
1 0.5063338658146965 0.706058091286307 0.23999041533546328 0.05756431535269709
1 0.3068817891373802 0.7906493775933611 0.13080511182108626 0.02737759336099585
1 0.30715335463258786 0.8141659751037345 0.13026517571884985 0.019655601659751037
1 0.30715335463258786 0.8369813278008299 0.13026517571884985 0.025975103734439835
1 0.45255191693290736 0.7927551867219917 0.13134664536741214 0.030186721991701245
1 0.45174121405750794 0.8166213692946057 0.13296805111821086 0.01754979253112033
1 0.4522811501597444 0.839789419087137 0.1340479233226837 0.028782157676348546
1 0.5979512779552716 0.7931058091286307 0.13458945686900958 0.03509958506224066
1 0.5971405750798722 0.8187282157676349 0.1362108626198083 0.016145228215767634
1 0.5960591054313099 0.841191908713693 0.1340479233226837 0.028782157676348546
1 0.7938897763578275 0.3820840248962656 0.2226932907348243 0.0568609958506224
1 0.7938889776357827 0.4368392116182573 0.22053194888178912 0.052649377593360996
1 0.7938889776357827 0.4898423236514523 0.22053194888178912 0.053352697095435685
1 0.7933498402555911 0.5449470954356848 0.2216134185303514 0.0568609958506224
0 0.7898362619808307 0.3255726141078838 0.2178290734824281 0.0547551867219917