1 0.25434564393939396 0.36906249999999996 0.4724829545454545 0.08526225490196078
1 0.25528693181818185 0.45736887254901964 0.4743655303030303 0.08404411764705882
1 0.2524630681818182 0.5432401960784313 0.4762481060606061 0.07795343137254902
1 0.25434564393939396 0.630328431372549 0.4762481060606061 0.07917156862745098
1 0.25528693181818185 0.7192450980392157 0.4781306818181818 0.07917156862745098
1 0.25152178030303035 0.8099877450980393 0.4706003787878788 0.0755171568627451
1 0.7513011363636364 0.368452818627451 0.46495454545454545 0.06942769607843137
1 0.754125 0.4372714460784313 0.46307196969696973 0.06333700980392157
1 0.7531837121212122 0.5054810049019608 0.468719696969697 0.06577328431372549
1 0.7513011363636364 0.5718633578431372 0.46118939393939395 0.06455514705882352
1 0.7503598484848485 0.6516446078431372 0.46683712121212123 0.07795343137254902
0 0.49152840909090906 0.2058468137254902 0.6306060606060606 0.10962254901960784
2 0.4990587121212121 0.501827205882353 0.9920265151515151 0.7259436274509804