1 0.24664437499999997 0.2697932862190812 0.43432375 0.03288692579505301
1 0.244920625 0.3008529151943463 0.43432375 0.031668727915194345
1 0.245783125 0.3294757067137809 0.44294125 0.03532243816254417
1 0.24578250000000001 0.358708480565371 0.439495 0.028014134275618375
1 0.24578250000000001 0.3855053003533569 0.439495 0.028014134275618375
1 0.25009125 0.4159562720848057 0.44466500000000003 0.03532243816254417
1 0.24836750000000002 0.44640636042402826 0.44466500000000003 0.028014134275618375
1 0.250953125 0.47563957597173145 0.44638875 0.03045053003533569
1 0.247505625 0.5054810070671377 0.44294125 0.031668727915194345
1 0.249229375 0.5359319787985867 0.44294125 0.026796819787985867
1 0.24836750000000002 0.5651647526501766 0.44466500000000003 0.031668727915194345
1 0.249229375 0.5937879858657243 0.44638875 0.03288692579505301
1 0.246645 0.6266749116607774 0.44466500000000003 0.03045053003533569
1 0.748185 0.6199757067137809 0.40674750000000004 0.029232332155477034
1 0.7473231250000001 0.6498171378091873 0.40502375 0.028014134275618375
1 0.7464618749999999 0.6784412544169611 0.40330125 0.031668727915194345
1 0.7455993750000001 0.7088917844522967 0.40502375 0.029232332155477034
1 0.744738125 0.7393423144876324 0.40330125 0.031668727915194345
0 0.187183125 0.21741784452296822 0.27059125 0.04506713780918728
0 0.7076831250000001 0.5517663427561837 0.27059125 0.058465547703180215
2 0.24836750000000002 0.4177826855123675 0.4653475 0.4628498233215548
2 0.74215375 0.639464222614841 0.439495 0.24604151943462899