2 0.5347664062499999 0.36445069444444445 0.15585 0.19522638888888888
2 0.6433824218749999 0.5775791666666668 0.14865703125000002 0.1730611111111111
2 0.5398015625 0.7975277777777776 0.151534375 0.16965
0 0.534526953125 0.28687152777777775 0.14578046875 0.04006805555555556
0 0.603580859375 0.5098034722222222 0.06425859375000001 0.03921527777777778
0 0.53884296875 0.7335895833333335 0.1476984375 0.03324861111111111
1 0.534526953125 0.31585694444444445 0.14578046875 0.019608333333333335
1 0.53449765625 0.33591319444444445 0.1460984375 0.02299027777777778
1 0.535022265625 0.3578159722222222 0.14714765624999998 0.020815277777777776
1 0.534672265625 0.37894374999999997 0.14784609375 0.0214375
1 0.534672265625 0.4006909722222222 0.14784609375 0.022679166666666667
1 0.535108984375 0.42259375 0.14697265625 0.02112638888888889
1 0.534323046875 0.4438756944444444 0.14574921875 0.0214375
1 0.6444378906250001 0.5378118055555555 0.14342421875 0.022090277777777778
1 0.644122265625 0.5602763888888889 0.14405546875 0.022838888888888888
1 0.64454375 0.5829284722222222 0.1448984375 0.02246527777777778
1 0.644332421875 0.6044576388888889 0.14531953125 0.020593055555555555
1 0.643805859375 0.625425 0.14426640625 0.021341666666666665
1 0.644121875 0.6477027777777777 0.143634375 0.023213888888888888
1 0.5350269531249999 0.7572187499999999 0.13731640625 0.022090277777777778
1 0.5342898437500001 0.7789347222222222 0.138790625 0.021341666666666665
1 0.5336578125000001 0.8000888888888888 0.1375265625 0.020966666666666668
1 0.5339742187500001 0.821617361111111 0.1368953125 0.022090277777777778
1 0.5343953125 0.8431458333333334 0.1377375 0.020966666666666668
1 0.534290625 0.8654243055555556 0.13794843750000002 0.0235875