2 0.3732327770646128 0.41610546875 0.2930235344458708 0.1204828125
2 0.6762616602481814 0.41480078125000003 0.30636414206247325 0.12222265624999999
2 0.37394736842105264 0.5644255859375 0.29635857937526744 0.170937890625
2 0.6768859649122807 0.6279914062499999 0.30289302524604195 0.30188046874999996
2 0.3754109970047069 0.73673046875 0.29778818998716305 0.17035781249999998
0 0.3292642276422764 0.381479296875 0.2017667950363714 0.046602343750000004
0 0.6359653401797176 0.381479296875 0.20824903722721438 0.04290390625
0 0.638193838254172 0.506122265625 0.2118955926401369 0.046602343750000004
0 0.32946619597774923 0.5053828125 0.2070333761232349 0.043643749999999995
0 0.32926401369276853 0.676443359375 0.2025768078733419 0.04401328125
1 0.37471822849807446 0.42182929687500004 0.28360761660248185 0.036985937499999996
1 0.37423598630723154 0.45815488281249994 0.28457210098416774 0.035665234375
1 0.6822011125374412 0.4218292968749999 0.28794865211810017 0.03610546875
1 0.6812362002567394 0.45749453124999995 0.28987762088147195 0.035225
1 0.374477107402653 0.5510605468750001 0.28987762088147195 0.04271015625
1 0.37592404792468975 0.5913490234375 0.2869837398373984 0.037866796875
1 0.37592404792468975 0.62833515625 0.2869837398373984 0.03610546875
1 0.37423577235772354 0.723001953125 0.2865014976465554 0.04491171875
1 0.37447689345314505 0.7628501953125 0.2869837398373984 0.034784765625000005
1 0.3752006846384253 0.7991755859375 0.28553701326486947 0.038747265625
1 0.6829244758237056 0.5528216796875001 0.28457210098416774 0.040948828124999996
1 0.6834067180145487 0.5900279296875 0.28360761660248185 0.033463671875
1 0.6834067180145487 0.6256931640625 0.28360761660248185 0.037866796875
1 0.6817188703465983 0.6765490234375 0.2783020967051776 0.040948828124999996
1 0.683165810868635 0.71573671875 0.28119597774925115 0.037426562499999996
1 0.683165810868635 0.7533833984375 0.28119597774925115 0.037866796875