2 0.7194523015343562 0.4117743658210948 0.397574382921948 0.7156608811748998
2 0.7183292194796531 0.8500734312416555 0.3998205470313542 0.16093457943925235
0 0.6266847898599066 0.09125567423230974 0.20125750500333556 0.0656328437917223
0 0.585354903268846 0.8105140186915889 0.12398932621747832 0.07282510013351134
1 0.6911497665110073 0.1451995994659546 0.3328839226150767 0.04045794392523364
1 0.690251834556371 0.18116355140186916 0.3346811207471648 0.03146728971962617
1 0.6893532354903269 0.21128237650200266 0.3328839226150767 0.028770360480640855
1 0.6902515010006672 0.24095126835781042 0.33108739159439626 0.0323671562082777
1 0.699011674449633 0.2715200267022697 0.34501334222815205 0.03776101468624833
1 0.7039533022014677 0.30478571428571427 0.3548965977318212 0.028770360480640855
1 0.7050763842561708 0.33445527369826433 0.352650433622415 0.03056875834445928
1 0.7039533022014676 0.365473297730307 0.3504042695130086 0.03146728971962617
1 0.7032795196797864 0.39739052069425906 0.3517518345563709 0.0323671562082777
1 0.7035043362241493 0.42975634178905214 0.35220146764509674 0.0323671562082777
1 0.7032791861240827 0.4621234979973298 0.352650433622415 0.0323671562082777
1 0.7021561040693796 0.4940400534045394 0.3504042695130086 0.03326568758344459
1 0.7026054036024016 0.5246088117489986 0.3495056704469646 0.027871829105473967
1 0.7021561040693796 0.5556268357810413 0.3486070713809206 0.03416421895861148
1 0.7023805870580387 0.5875433911882509 0.3481581054036024 0.029668891855807747
1 0.7032791861240827 0.6185627503337784 0.34995530353569043 0.0323671562082777
1 0.7030547031354235 0.6500293724966622 0.3504042695130086 0.03056875834445928
1 0.715184122748499 0.6801481975967957 0.3746631087391594 0.029668891855807747
1 0.7149596397598399 0.7116154873164219 0.3751120747164777 0.03326568758344459
1 0.7057505003335558 0.7462296395193591 0.35669379586390926 0.035962616822429905
1 0.7023812541694463 0.8689532710280374 0.34366577718478986 0.03865954606141522
1 0.7014826551034022 0.9053651535380506 0.345462975316878 0.03416421895861148