1 0.2475255905511811 0.24056000000000002 0.35821653543307086 0.01827111111111111
1 0.24860433070866142 0.2588311111111111 0.36037401574803146 0.01827111111111111
1 0.2518405511811024 0.2764933333333333 0.3625314960629921 0.017053333333333334
1 0.25076181102362205 0.2917166666666666 0.36037401574803146 0.015833333333333335
1 0.253998031496063 0.30937888888888887 0.35821653543307086 0.014615555555555555
1 0.2550767716535433 0.3270388888888889 0.36037401574803146 0.015833333333333335
1 0.25075787401574806 0.3447022222222222 0.36900393700787404 0.017053333333333334
1 0.2529192913385827 0.3623622222222222 0.36900393700787404 0.01827111111111111
1 0.25615551181102364 0.37880555555555556 0.3625314960629921 0.014615555555555555
1 0.2583129921259843 0.3940311111111111 0.37116141732283464 0.01827111111111111
1 0.26047047244094484 0.41230222222222224 0.3625314960629921 0.020706666666666665
1 0.26047047244094484 0.43118111111111107 0.3625314960629921 0.01218
1 0.25723425196850397 0.4464077777777778 0.36900393700787404 0.013397777777777778
1 0.2583129921259843 0.4616333333333333 0.3668464566929134 0.017053333333333334
1 0.2583129921259843 0.4786844444444444 0.37116141732283464 0.017053333333333334
1 0.25939370078740154 0.49634666666666666 0.37763779527559055 0.01827111111111111
1 0.25615551181102364 0.5121788888888889 0.37116141732283464 0.015833333333333335
1 0.25615551181102364 0.5322766666666666 0.3668464566929134 0.014615555555555555
1 0.2550767716535433 0.5487211111111111 0.36037401574803146 0.015833333333333335
1 0.25723425196850397 0.5651633333333334 0.36037401574803146 0.014615555555555555
1 0.25723228346456695 0.581 0.35174015748031495 0.017053333333333334
1 0.2583110236220473 0.5974411111111111 0.3538976377952756 0.015833333333333335
1 0.2604685039370078 0.6144944444444445 0.3538976377952756 0.015833333333333335
1 0.25831299212598424 0.6327655555555556 0.35821653543307086 0.013397777777777778
1 0.26154921259842523 0.6492077777777778 0.36900393700787404 0.01218
1 0.2583129921259843 0.6668711111111111 0.3625314960629921 0.01827111111111111
1 0.2583129921259843 0.6869655555555556 0.3668464566929134 0.014615555555555555
1 0.25723425196850397 0.7021922222222222 0.36900393700787404 0.015833333333333335
1 0.25723425196850397 0.7192444444444444 0.3646889763779528 0.01827111111111111
1 0.7190314960629922 0.23081666666666664 0.3431102362204725 0.013397777777777778
1 0.7190275590551181 0.24604111111111113 0.35174015748031495 0.014615555555555555
1 0.7168720472440946 0.25944 0.36037401574803146 0.017053333333333334
1 0.7255019685039369 0.2783188888888889 0.3646889763779528 0.013397777777777778
1 0.731978346456693 0.29415222222222226 0.3646889763779528 0.015833333333333335
1 0.7308956692913385 0.30937888888888887 0.3754763779527559 0.014615555555555555
1 0.7211870078740159 0.32399555555555554 0.3646889763779528 0.017053333333333334
1 0.722263779527559 0.34104888888888885 0.3538976377952756 0.01948888888888889
1 0.7179488188976377 0.35809888888888886 0.3538976377952756 0.01218
1 0.7179488188976377 0.37454333333333334 0.3538976377952756 0.013397777777777778
1 0.719029527559055 0.3879422222222222 0.3560590551181102 0.01827111111111111
1 0.7179507874015749 0.4056022222222222 0.3625314960629921 0.021924444444444444
1 0.7211870078740157 0.42387222222222226 0.36037401574803146 0.014615555555555555
1 0.7179507874015749 0.43666333333333335 0.35821653543307086 0.010962222222222222
1 0.7168700787401574 0.47685666666666665 0.3474251968503937 0.015833333333333335
1 0.7157913385826772 0.49391 0.3538976377952756 0.015833333333333335
1 0.7157913385826772 0.51218 0.3538976377952756 0.01827111111111111
1 0.7179488188976377 0.5298422222222222 0.3538976377952756 0.017053333333333334
1 0.7157913385826772 0.5462844444444445 0.3538976377952756 0.01827111111111111
1 0.7157933070866143 0.5639466666666666 0.35821653543307086 0.017053333333333334
1 0.7157933070866143 0.581 0.35821653543307086 0.01948888888888889
1 0.722263779527559 0.6266744444444444 0.3538976377952756 0.015833333333333335
1 0.7255019685039369 0.64251 0.36037401574803146 0.010962222222222222
1 0.7244251968503936 0.6589522222222223 0.3495826771653543 0.014615555555555555
1 0.722267716535433 0.67235 0.3495826771653543 0.014615555555555555
1 0.722263779527559 0.6887933333333334 0.3538976377952756 0.01827111111111111
1 0.722267716535433 0.7058455555555555 0.34526771653543303 0.015833333333333335
1 0.7276614173228346 0.7204622222222221 0.35174015748031495 0.01827111111111111
1 0.725503937007874 0.7381233333333334 0.35174015748031495 0.01218
1 0.7276614173228346 0.7527411111111111 0.35174015748031495 0.014615555555555555
1 0.7341338582677166 0.7667488888888888 0.3431102362204725 0.01827111111111111
1 0.7330570866141731 0.7844088888888888 0.3323188976377953 0.017053333333333334
0 0.24644488188976377 0.21680888888888888 0.3474251968503937 0.021924444444444444
0 0.6791102362204724 0.20889111111111108 0.26326771653543307 0.02314222222222222
0 0.5938700787401575 0.4573688888888889 0.11437007874015748 0.02314222222222222
0 0.6337913385826772 0.6065777777777778 0.1898976377952756 0.021924444444444444
2 0.26478543307086616 0.46772111111111114 0.4488464566929134 0.5359311111111111
2 0.7330570866141732 0.3154688888888889 0.44453149606299214 0.25822222222222224
2 0.7201062992125985 0.5188788888888889 0.42726771653543305 0.14616222222222222
2 0.7179507874015748 0.6936677777777777 0.410003937007874 0.20097555555555555