2 0.32245666666666667 0.7361616666666666 0.31065333333333334 0.3233588888888889
2 0.281915 0.09794333333333334 0.2572411111111111 0.15327333333333334
2 0.2926327777777778 0.347145 0.26367222222222225 0.21865444444444443
0 0.22885888888888886 0.042743333333333335 0.13183555555555557 0.025724444444444446
0 0.23100222222222222 0.2538944444444444 0.13183555555555557 0.030011111111111113
0 0.37623666666666666 0.6167122222222221 0.13076444444444446 0.026795555555555555
0 0.2701238888888889 0.7549794444444444 0.15863222222222223 0.04394555555555556
1 0.2863544444444444 0.07053444444444444 0.24346 0.025264444444444444
1 0.2852844444444444 0.08981444444444445 0.24100666666666667 0.015233333333333335
1 0.28508944444444445 0.10524444444444445 0.24061666666666667 0.015624444444444444
1 0.28450333333333333 0.1208688888888889 0.24178888888888891 0.015624444444444444
1 0.28567499999999996 0.1368838888888889 0.24413222222222222 0.016405555555555555
1 0.28587055555555557 0.1528988888888889 0.2437411111111111 0.015624444444444444
1 0.28626166666666664 0.2882461111111111 0.24608555555555556 0.01835888888888889
1 0.2864561111111111 0.30465055555555554 0.24569444444444444 0.014452222222222222
1 0.2874327777777778 0.3204711111111111 0.2476477777777778 0.017186666666666666
1 0.2880188888888889 0.3370722222222222 0.24647555555555556 0.016015555555555554
1 0.28684722222222225 0.3525016666666667 0.24413222222222222 0.014843333333333333
1 0.2874333333333333 0.3677344444444445 0.24295999999999998 0.015624444444444444
1 0.28801944444444444 0.38375055555555554 0.24413222222222222 0.016405555555555555
1 0.2878233333333333 0.39976555555555554 0.24452222222222222 0.015624444444444444
1 0.2901672222222222 0.4151944444444445 0.24921 0.015233333333333335
1 0.2897766666666666 0.43042777777777774 0.2499911111111111 0.015233333333333335
1 0.2870422222222222 0.4456611111111111 0.24452222222222222 0.015233333333333335
1 0.3515666666666667 0.6814616666666666 0.24745333333333333 0.09521666666666666
1 0.29842222222222226 0.8289933333333334 0.2529888888888889 0.11127111111111111