2 0.6178466257668712 0.20342640692640693 0.5664376278118609 0.21167532467532468
2 0.6151993865030675 0.407010101010101 0.5717321063394682 0.19548917748917746
2 0.6222576687116564 0.6056118326118326 0.5858486707566463 0.20171428571428573
2 0.621375255623722 0.8091940836940837 0.5876134969325154 0.20545021645021647
0 0.6188118609406954 0.12414718614718613 0.5388588957055215 0.032738816738816734
0 0.6121840490797547 0.32361760461760464 0.5256032719836401 0.027593073593073593
0 0.6105265848670757 0.5209834054834055 0.5448241308793456 0.029464646464646464
0 0.6154989775051125 0.7234949494949495 0.5600695296523518 0.03227128427128427
1 0.6161605316973415 0.15103896103896103 0.5322310838445808 0.02478787878787879
1 0.615497955010225 0.17418975468975467 0.5335562372188138 0.021513708513708516
1 0.6191431492842535 0.19687301587301587 0.5408466257668711 0.023852813852813855
1 0.6188128834355828 0.22002380952380954 0.5415112474437628 0.02244877344877345
1 0.6161615541922291 0.2443434343434343 0.5362085889570553 0.026190476190476188
1 0.6164928425357874 0.267494227994228 0.5355460122699387 0.02011111111111111
1 0.6108588957055215 0.2897099567099567 0.524278118609407 0.02432034632034632
1 0.6120449897750512 0.34900649350649354 0.5199959100204499 0.02141847041847042
1 0.6112464212678936 0.3723975468975469 0.5215930470347648 0.025363636363636366
1 0.6108476482617586 0.39663347763347767 0.5207955010224949 0.023108225108225106
1 0.6108476482617586 0.4188968253968254 0.5207955010224949 0.02141847041847042
1 0.6096492842535788 0.4422878787878788 0.518398773006135 0.025363636363636366
1 0.6080439672801636 0.46584632034632034 0.5199284253578732 0.02396392496392496
1 0.6088527607361964 0.49009523809523803 0.5183108384458078 0.024533910533910533
1 0.6153200408997955 0.5485786435786436 0.5247791411042945 0.025105339105339106
1 0.6132985685071575 0.5722575757575757 0.5288220858895706 0.022252525252525253
1 0.6141073619631902 0.594510101010101 0.530439672801636 0.022252525252525253
1 0.6141073619631902 0.6176168831168831 0.530439672801636 0.02396392496392496
1 0.6112770961145194 0.6415808080808081 0.5247791411042945 0.02396392496392496
1 0.6100644171779142 0.6646897546897547 0.530439672801636 0.024533910533910533
1 0.6096605316973416 0.6883679653679653 0.5296319018404908 0.022822510822510824
1 0.6161298568507158 0.7508455988455989 0.5118425357873211 0.021111111111111112
1 0.6177464212678936 0.7728124098124097 0.5150756646216769 0.022822510822510824
1 0.6177464212678936 0.7967763347763347 0.5150756646216769 0.025105339105339106
1 0.6153210633946831 0.8201695526695527 0.5102249488752556 0.021681096681096683
1 0.6145122699386503 0.8435627705627705 0.5118425357873211 0.025105339105339106
1 0.6165337423312883 0.8678124098124098 0.5239713701431492 0.023393939393939394
1 0.6161298568507158 0.890349927849928 0.5247791411042945 0.021681096681096683