1 0.365408 0.45919600000000005 0.232643 0.051156999999999994
1 0.36662599999999995 0.5060899999999999 0.232643 0.042631
1 0.361754 0.598051 0.22777099999999997 0.046285
1 0.362363 0.6455540000000001 0.228989 0.038977
1 0.360536 0.737515 0.218027 0.049939
1 0.35931799999999997 0.7892815 0.218027 0.043849
1 0.6419000000000001 0.550548 0.215591 0.048720999999999993
1 0.6419 0.59866 0.218027 0.047503000000000004
1 0.642509 0.646772 0.216809 0.046285
1 0.6437269999999999 0.6979290000000001 0.22168100000000002 0.053593
0 0.321559 0.41230199999999995 0.174178 0.035323
0 0.32155875 0.5505485 0.1693055 0.034104999999999996
0 0.3032885 0.69244825 0.144945 0.0280145
0 0.5956152499999999 0.503045 0.1619975 0.034104999999999996
2 0.36297199999999996 0.459805 0.281364 0.140073
2 0.361754 0.6010965 0.278928 0.135201
2 0.35810000000000003 0.7429965000000001 0.278928 0.136419
2 0.63946425 0.60353225 0.2472595 0.2521315