2 0.602890625 0.35839531859557866 0.1626171875 0.24394278283485046
2 0.77931015625 0.515037711313394 0.1601078125 0.2765253576072822
2 0.7778046875 0.23600715214564372 0.1641234375 0.25981664499349805
2 0.603392578125 0.5902256176853057 0.16161328125000002 0.21136150845253576
2 0.603392578125 0.8020052015604683 0.16161328125000002 0.21219765929778936
1 0.60368125 0.31353250975292585 0.140109375 0.030750325097529257
1 0.60368125 0.34184720416124836 0.140109375 0.025879063719115733
1 0.603406640625 0.36757347204161256 0.13956015625 0.025573472041612484
1 0.6024 0.39421261378413525 0.1379140625 0.022833550065019508
1 0.6034984375000001 0.41765669700910274 0.13974375 0.0240520156046814
1 0.60294921875 0.4447522756827048 0.140109375 0.02770481144343303
1 0.602467578125 0.5533270481144343 0.14085546875 0.03228738621586476
1 0.602467578125 0.5830461638491548 0.14085546875 0.027150845253576073
1 0.6030187499999999 0.609830299089727 0.1419578125 0.02641742522756827
1 0.603128515625 0.6347802340702211 0.14173671875 0.023482444733420024
1 0.603458984375 0.6628485045513655 0.13887109375 0.03192067620286086
1 0.78211875 0.623405721716515 0.1404140625 0.030085825747724317
1 0.7815671875000001 0.595704811443433 0.13975312499999998 0.019446033810143044
1 0.781126171875 0.5731397919375812 0.13887109375 0.02568400520156047
1 0.7805757812499999 0.5478231469440832 0.1399734375 0.024949284785435632
1 0.780905859375 0.5195708712613785 0.13843046875 0.024949284785435632
1 0.780575390625 0.49407152145643696 0.13821015625 0.023849154746423927
1 0.780465234375 0.46967165149544865 0.13798984375 0.02568400520156047
1 0.7803550781249999 0.44453836150845255 0.13821015625 0.02458257477243173
1 0.6041183593749999 0.7673628088426527 0.14348203125 0.027856957087126138
1 0.603783203125 0.795962288686606 0.14415078125 0.029342002600780234
1 0.60467578125 0.822704811443433 0.1459359375 0.02414304291287386
1 0.604230078125 0.8470331599479844 0.14682890625 0.024513654096228868
1 0.603002734375 0.8713615084525358 0.14437421875 0.02414304291287386
1 0.7798988281250001 0.17854226267880366 0.14198203125 0.03106631989596879
1 0.7798988281250001 0.20702015604681404 0.14198203125 0.025889466840052014
1 0.780343359375 0.23290962288686604 0.14287109375 0.025889466840052014
1 0.7806765625 0.25898244473342 0.14220468749999998 0.02625877763328999
1 0.780454296875 0.2830221066319896 0.14176015625 0.021820546163849156
1 0.7802328125 0.3081710013003901 0.14220468749999998 0.028477243172951888
1 0.780121484375 0.33646488946684 0.14064921875 0.028107932379713912